Date,Open,High,Low,Close,Volume
2014-01-02,53.84,54.4,52.9,53.18,0.191
2014-01-03,53.26,53.79,53.15,53.58,0.103
2014-01-06,53.65,53.97,53.11,53.4,0.219
2014-01-07,53.54,54.14,53.23,53.95,0.193
2014-01-08,53.74,54.24,53.48,53.91,0.202
2014-01-09,54.04,54.24,53.49,54.16,0.122
2014-01-10,54.21,54.32,53.66,54.28,0.159
2014-01-13,54.02,54.55,53.37,53.66,0.137
2014-01-14,53.76,54.63,53.36,54.6,0.122
2014-01-15,54.63,54.82,54.49,54.62,0.14
2014-01-16,54.41,54.91,54.12,54.19,0.097
2014-01-17,54.19,54.37,53.65,53.87,0.117
2014-01-21,54.27,54.47,53.8,53.9,0.129
2014-01-22,53.91,54.3,53.86,54.08,0.107
2014-01-23,53.74,53.88,53.41,53.61,0.147
2014-01-24,53.45,53.57,52.67,53.08,0.248
2014-01-27,53.05,53.66,52.76,53.31,0.252
2014-01-28,53.19,53.82,53.16,53.7,0.176
2014-01-29,53.26,53.76,53.26,53.56,0.244
2014-01-30,54.37,55.85,54.0,55.81,0.387
2014-01-31,55.55,55.73,54.79,54.96,0.237
2014-02-03,54.95,55.3,52.65,53.2,0.507
2014-02-04,53.46,54.08,52.72,53.57,0.285
2014-02-05,53.3,53.67,52.61,53.57,0.172
2014-02-06,53.59,54.19,53.04,53.94,0.075
2014-02-07,54.3,54.74,54.06,54.62,0.118
2014-02-10,54.4,54.83,54.16,54.55,0.254
2014-02-11,54.59,54.86,54.17,54.75,0.198
2014-02-12,54.67,55.2,54.6,54.97,0.244
2014-02-13,54.8,55.26,54.77,55.22,0.146
2014-02-14,55.17,55.99,55.08,55.96,0.214
2014-02-18,56.0,56.91,55.75,56.74,0.284
2014-02-19,62.76,64.99,60.99,64.86,1.3
2014-02-20,64.9,65.92,64.9,65.43,0.881
2014-02-21,65.6,67.04,65.11,66.24,0.806
2014-02-24,66.25,67.5,65.81,66.8,0.575
2014-02-25,67.2,68.29,66.83,68.26,0.35
2014-02-26,68.56,69.42,67.91,69.19,0.38
2014-02-27,69.22,69.35,68.42,68.68,0.308
2014-02-28,68.85,69.92,68.66,68.99,0.327
2014-03-03,68.15,69.57,68.15,69.2,0.308
2014-03-04,70.1,71.62,70.1,71.56,0.347
2014-03-05,71.68,72.13,71.12,71.8,0.342
2014-03-06,71.82,72.76,70.86,70.95,0.288
2014-03-07,71.36,71.36,70.41,70.61,0.22
2014-03-10,70.64,70.96,69.44,69.65,0.249
2014-03-11,69.87,69.87,68.01,68.81,0.365
2014-03-12,68.81,68.97,68.14,68.59,0.408
2014-03-13,68.95,69.18,68.51,68.94,0.291
2014-03-14,69.05,69.38,68.35,68.88,0.176
2014-03-17,69.1,69.92,69.0,69.5,0.585
2014-03-18,69.64,70.37,69.26,70.02,0.134
2014-03-19,69.91,71.01,69.84,70.74,0.288
2014-03-20,70.57,71.49,70.32,71.05,0.208
2014-03-21,71.21,71.87,70.8,71.18,0.339
2014-03-24,71.36,71.45,69.47,70.19,0.161
2014-03-25,70.78,71.64,70.05,70.45,0.234
2014-03-26,70.45,70.88,68.62,68.79,0.149
2014-03-27,68.75,69.11,68.06,68.71,0.189
2014-03-28,68.8,69.34,68.37,68.71,0.162
2014-03-31,69.2,69.83,68.72,69.41,0.172
2014-04-01,69.6,70.4,69.22,69.58,0.345
2014-04-02,69.92,70.36,69.29,69.73,0.403
2014-04-03,69.83,70.1,69.11,69.52,0.298
2014-04-04,69.94,69.94,67.59,68.22,0.342
2014-04-07,68.18,68.58,67.3,67.67,0.376
2014-04-08,67.83,68.55,66.67,68.34,0.245
2014-04-09,68.4,69.43,67.98,69.01,0.332
2014-04-10,68.76,69.34,67.48,67.77,0.24
2014-04-11,67.5,68.21,66.64,66.79,0.346
2014-04-14,67.57,68.59,67.45,68.28,0.436
2014-04-15,71.1,71.74,60.06,61.39,4.062
2014-04-16,62.65,64.44,61.55,63.89,2.25
2014-04-17,64.12,64.43,63.37,63.52,0.692
2014-04-21,63.66,64.65,63.59,64.34,1.183
2014-04-22,64.3,67.05,63.94,66.98,1.533
2014-04-23,67.0,68.03,66.3,68.0,0.844
2014-04-24,68.28,69.78,67.05,69.3,0.972
2014-04-25,69.0,69.06,67.26,67.7,0.353
2014-04-28,67.71,68.11,65.44,67.02,0.447
2014-04-29,67.26,68.13,65.67,67.53,0.382
2014-04-30,67.61,69.62,67.32,69.44,0.62
2014-05-01,69.33,71.08,69.33,70.53,1.013
2014-05-02,70.53,72.02,69.84,71.92,1.067
2014-05-05,71.77,72.9,70.67,72.2,0.932
2014-05-06,70.62,74.06,70.5,73.98,1.561
2014-05-07,73.74,74.87,72.83,74.72,1.061
2014-05-08,74.34,75.32,74.1,74.51,0.96
2014-05-09,74.49,74.77,73.65,74.03,0.497
2014-05-12,74.14,75.3,73.8,74.23,0.766
2014-05-13,74.34,74.6,73.39,73.41,0.72
2014-05-14,73.25,74.15,72.94,73.39,0.489
2014-05-15,73.1,73.13,71.28,72.36,0.567
2014-05-16,72.05,72.41,71.51,72.3,0.433
2014-05-19,72.36,72.75,71.88,72.22,0.671
2014-05-20,72.09,72.54,71.22,71.81,0.466
2014-05-21,72.07,72.77,71.49,71.61,0.265
2014-05-22,71.94,72.81,71.72,72.31,0.277
2014-05-23,72.5,73.59,72.16,73.33,0.356
2014-05-27,74.01,74.01,73.13,73.17,0.346
2014-05-28,73.52,73.98,72.5,72.96,0.288
2014-05-29,73.26,73.56,72.62,73.55,0.648
2014-05-30,73.75,74.88,73.62,74.3,0.511
2014-06-02,74.3,74.82,72.73,74.78,0.48
2014-06-03,74.63,75.5,74.41,75.29,0.464
2014-06-04,75.23,77.46,75.13,77.36,0.962
2014-06-05,77.91,77.99,76.85,77.74,0.672
2014-06-06,77.84,78.65,77.21,78.11,0.415
2014-06-09,78.3,79.03,77.57,78.87,0.385
2014-06-10,78.89,79.06,77.97,78.78,0.224
2014-06-11,78.71,79.43,78.26,78.81,0.206
2014-06-12,78.99,79.29,78.35,78.87,0.217
2014-06-13,78.6,78.77,75.87,76.31,0.813
2014-06-16,76.06,77.32,75.64,76.11,0.59
2014-06-17,75.89,87.53,75.4,82.91,1.04
2014-06-18,78.52,79.21,77.56,78.87,0.938
2014-06-19,79.09,79.36,78.35,78.83,0.607
2014-06-20,78.83,79.27,78.42,78.89,0.388
2014-06-23,79.0,79.6,78.84,79.56,0.255
2014-06-24,79.2,80.21,78.75,79.01,0.6
2014-06-25,78.75,79.49,78.52,79.36,0.832
2014-06-26,79.33,80.52,78.69,80.32,0.437
2014-06-27,80.27,81.18,79.86,81.01,1.325
2014-06-30,80.87,82.62,80.87,82.32,0.488
2014-07-01,82.29,85.26,82.29,85.06,0.776
2014-07-02,84.95,85.53,84.05,84.88,0.466
2014-07-03,85.55,86.02,84.88,85.38,0.3
2014-07-07,85.0,85.16,84.38,84.72,0.416
2014-07-08,82.56,83.55,82.4,83.39,0.727
2014-07-09,84.04,84.7,83.5,84.57,0.3
2014-07-10,83.53,84.4,82.99,83.93,0.491
2014-07-11,84.04,84.18,83.31,83.59,0.252
2014-07-14,84.35,84.98,83.38,83.68,0.65
2014-07-15,83.96,84.49,81.81,82.68,0.442
2014-07-16,83.01,83.07,81.26,81.7,0.5
2014-07-17,81.59,82.9,80.29,80.38,0.594
2014-07-18,80.85,82.18,80.85,82.1,0.257
2014-07-21,81.63,82.8,81.35,81.8,0.348
2014-07-22,82.38,83.15,82.26,82.3,0.223
2014-07-23,82.24,82.56,81.91,82.02,0.294
2014-07-24,82.32,83.06,81.82,82.31,0.2
2014-07-25,82.06,82.18,81.5,81.64,0.184
2014-07-28,81.8,82.07,81.25,81.5,0.261
2014-07-29,81.86,82.32,81.4,81.65,0.382
2014-07-30,82.11,82.62,81.72,82.04,0.306
2014-07-31,81.4,81.63,79.81,80.07,0.326
2014-08-01,80.02,81.01,79.02,80.31,0.481
2014-08-04,80.78,82.64,80.32,82.55,0.499
2014-08-05,80.0,80.82,75.37,76.81,1.542
2014-08-06,76.53,76.69,75.37,75.9,0.445
2014-08-07,75.98,76.41,74.43,74.68,0.388
2014-08-08,74.68,75.3,74.29,75.15,0.315
2014-08-11,75.36,75.36,74.01,74.28,0.383
2014-08-12,74.1,74.73,72.9,73.9,0.476
2014-08-13,73.88,74.96,73.7,74.77,0.336
2014-08-14,75.04,75.5,74.36,74.47,0.408
2014-08-15,74.92,75.46,74.45,75.14,0.284
2014-08-18,75.28,76.76,75.28,76.71,0.345
2014-08-19,76.97,78.0,76.91,77.84,0.438
2014-08-20,77.83,78.22,77.23,77.51,0.226
2014-08-21,77.65,77.65,76.73,77.35,0.236
2014-08-22,77.48,77.48,76.42,77.0,0.244
2014-08-25,77.61,77.61,76.99,77.27,0.164
2014-08-26,77.27,77.57,75.76,77.05,0.21
2014-08-27,77.02,77.52,76.49,77.44,0.228
2014-08-28,77.2,77.97,76.76,77.72,0.244
2014-08-29,77.99,78.42,77.72,78.03,0.154
2014-09-02,77.93,78.44,76.82,77.71,0.744
2014-09-03,78.13,78.13,76.42,76.56,0.32
2014-09-04,76.51,77.3,74.73,75.01,0.373
2014-09-05,75.02,76.08,74.57,75.54,0.26
2014-09-08,74.83,75.07,73.15,74.04,0.513
2014-09-09,74.13,74.75,73.81,73.99,0.341
2014-09-10,74.09,74.7,73.64,74.27,0.254
2014-09-11,73.68,75.3,73.37,74.99,0.325
2014-09-12,74.67,75.05,73.83,74.19,0.269
2014-09-15,74.04,74.27,73.17,73.5,0.253
2014-09-16,73.5,75.12,73.27,74.77,0.38
2014-09-17,75.06,75.97,73.93,74.54,0.312
2014-09-18,74.86,75.84,74.53,75.41,0.283
2014-09-19,75.47,75.48,73.79,74.09,0.424
2014-09-22,73.76,74.3,73.14,73.56,0.375
2014-09-23,73.29,74.63,73.04,73.79,0.401
2014-09-24,73.52,74.21,73.21,73.9,0.401
2014-09-25,73.85,73.89,72.1,72.33,0.362
2014-09-26,72.73,73.8,72.46,73.77,0.343
2014-09-29,72.84,72.87,71.71,71.72,0.699
2014-09-30,71.69,71.91,70.28,70.97,0.601
2014-10-01,70.73,71.13,68.14,68.21,0.574
2014-10-02,67.97,68.42,65.38,66.99,1.096
2014-10-03,69.54,71.3,68.61,70.61,1.177
2014-10-06,71.0,71.32,69.99,70.01,0.399
2014-10-07,69.57,69.6,68.19,68.21,0.486
2014-10-08,67.87,68.39,66.56,67.57,0.941
2014-10-09,67.22,67.67,66.38,66.47,0.384
2014-10-10,66.35,66.42,64.55,64.61,0.465
2014-10-13,64.53,64.93,62.34,62.47,0.516
2014-10-14,62.92,63.55,60.62,60.8,1.018
2014-10-15,59.8,63.11,58.95,62.51,1.212
2014-10-16,61.36,64.24,61.36,63.97,0.961
2014-10-17,64.92,66.49,64.44,66.0,0.652
2014-10-20,65.45,66.94,65.37,66.28,0.529
2014-10-21,66.46,68.02,66.46,67.91,0.632
2014-10-22,68.27,68.36,67.03,67.13,0.441
2014-10-23,67.97,69.43,67.49,69.03,0.42
2014-10-24,69.08,69.41,68.58,69.3,0.251
2014-10-27,68.68,69.76,68.63,69.65,0.332
2014-10-28,70.12,71.5,70.0,71.33,0.331
2014-10-29,71.46,71.73,70.74,71.27,0.315
2014-10-30,71.14,71.96,70.99,71.17,0.455
2014-10-31,72.4,74.06,71.49,73.75,0.563
2014-11-03,74.44,74.93,73.43,73.88,0.833
2014-11-04,73.58,74.14,69.51,72.78,1.544
2014-11-05,73.08,73.85,71.01,73.07,1.476
2014-11-06,73.04,74.3,72.9,73.88,0.817
2014-11-07,73.73,74.45,72.14,72.59,0.507
2014-11-10,72.44,73.21,72.41,72.98,0.318
2014-11-11,73.06,73.26,71.51,72.27,0.294
2014-11-12,72.06,72.64,71.51,71.93,0.334
2014-11-13,71.86,72.1,70.37,70.61,0.497
2014-11-14,70.5,71.21,69.94,70.69,0.559
2014-11-17,70.83,71.29,70.22,70.77,0.38
2014-11-18,70.77,72.3,70.77,71.44,0.316
2014-11-19,71.26,71.26,69.98,70.19,0.381
2014-11-20,69.91,70.35,69.46,69.84,0.35
2014-11-21,73.94,74.5,72.29,72.55,0.582
2014-11-24,72.64,73.07,72.03,72.43,0.356
2014-11-25,72.77,73.31,71.98,73.02,0.498
2014-11-26,73.1,73.36,72.76,73.09,0.278
2014-11-28,72.98,73.7,72.49,73.15,0.242
2014-12-01,73.0,73.51,71.27,72.9,0.536
2014-12-02,73.25,75.28,72.63,75.15,0.582
2014-12-03,75.59,77.25,75.15,77.08,0.852
2014-12-04,76.85,77.11,75.91,76.55,0.455
2014-12-05,76.9,77.28,76.18,76.49,0.379
2014-12-08,76.24,76.95,74.88,75.28,0.311
2014-12-09,74.22,76.25,73.64,76.17,0.472
2014-12-10,75.96,77.01,75.02,75.48,0.445
2014-12-11,76.0,76.43,75.6,75.83,0.449
2014-12-12,74.9,75.52,74.06,74.09,0.366
2014-12-15,74.7,75.48,73.73,74.67,0.716
2014-12-16,74.13,75.15,72.6,75.01,0.747
2014-12-17,74.72,76.41,74.72,76.18,0.452
2014-12-18,77.27,78.01,76.89,77.95,0.409
2014-12-19,78.09,78.75,77.58,78.1,0.749
2014-12-22,78.28,78.94,77.68,78.35,0.239
2014-12-23,78.99,79.11,77.85,78.08,0.308
2014-12-24,78.03,78.79,77.4,78.33,0.12
2014-12-26,78.59,78.98,77.91,78.1,0.243
2014-12-29,78.0,78.29,77.47,78.05,0.158
2014-12-30,77.68,78.89,77.56,78.32,0.286
2014-12-31,78.34,78.81,77.37,77.41,0.282
2015-01-02,77.99,78.42,76.06,77.43,0.412
2015-01-05,76.69,77.0,75.74,76.34,0.42
2015-01-06,76.28,76.28,74.4,75.79,0.528
2015-01-07,76.38,78.14,75.51,77.72,0.468
2015-01-08,78.66,79.81,78.59,79.38,0.324
2015-01-09,79.46,80.79,78.84,80.54,0.561
2015-01-12,80.39,81.36,80.39,80.66,0.638
2015-01-13,80.98,83.22,80.98,82.54,0.856
2015-01-14,81.42,82.4,80.43,81.23,0.377
2015-01-15,81.35,83.01,80.27,81.28,0.676
2015-01-16,81.0,83.02,80.85,82.91,0.475
2015-01-20,83.25,83.84,81.23,82.15,0.328
2015-01-21,81.81,82.97,81.22,82.73,0.259
2015-01-22,83.04,85.06,81.45,84.96,0.594
2015-01-23,84.65,85.0,84.02,84.19,0.372
2015-01-26,84.17,84.92,82.95,84.54,0.372
2015-01-27,83.53,84.69,82.93,84.61,0.355
2015-01-28,85.2,85.66,84.06,84.18,0.387
2015-01-29,84.36,84.36,82.31,83.67,0.382
2015-01-30,83.12,83.99,82.55,83.46,0.5
2015-02-02,83.58,84.09,82.12,84.07,0.493
2015-02-03,84.32,86.7,84.02,86.63,0.395
2015-02-04,86.01,86.63,85.77,86.5,0.464
2015-02-05,86.81,88.11,86.04,86.96,0.908
2015-02-06,86.64,87.44,86.16,87.15,0.446
2015-02-09,86.92,88.17,86.46,87.43,0.504
2015-02-10,88.28,88.28,87.45,88.09,0.344
2015-02-11,88.1,88.36,87.56,88.27,0.309
2015-02-12,88.9,89.98,88.55,89.47,0.427
2015-02-13,89.75,90.7,88.76,90.53,0.334
2015-02-17,90.88,91.0,89.0,89.49,0.404
2015-02-18,89.03,90.8,89.03,89.54,0.51
2015-02-19,89.57,90.66,89.19,89.74,0.421
2015-02-20,89.48,91.12,88.54,91.0,0.325
2015-02-23,90.79,91.5,89.84,91.49,0.268
2015-02-24,91.82,92.48,90.85,92.4,0.34
2015-02-25,92.0,92.28,91.06,91.58,0.305
2015-02-26,91.77,92.15,91.15,91.76,0.226
2015-02-27,92.17,92.45,90.3,91.05,0.327
2015-03-02,90.41,91.95,90.41,91.8,0.368
2015-03-03,91.79,91.82,90.69,91.36,0.195
2015-03-04,90.84,91.45,90.43,91.03,0.274
2015-03-05,91.38,91.46,90.62,91.16,0.186
2015-03-06,90.82,91.43,89.26,89.63,0.368
2015-03-09,89.5,90.04,88.47,89.4,0.505
2015-03-10,88.51,89.04,87.57,87.8,0.236
2015-03-11,87.67,88.22,86.76,88.0,0.778
2015-03-12,88.0,88.49,87.76,87.82,0.357
2015-03-13,87.57,88.34,86.65,87.71,0.532
2015-03-16,88.61,90.07,88.19,88.9,0.711
2015-03-17,86.0,88.41,84.16,85.98,1.87
2015-03-18,85.46,86.35,82.53,85.82,1.29
2015-03-19,85.28,86.33,84.73,86.07,0.825
2015-03-20,86.29,88.24,85.81,88.16,0.851
2015-03-23,88.16,92.43,88.16,92.25,0.892
2015-03-24,90.88,92.16,90.11,90.99,0.724
2015-03-25,91.47,92.12,88.03,88.2,0.449
2015-03-26,87.67,87.67,85.58,86.39,0.517
2015-03-27,86.14,87.82,85.4,87.41,0.371
2015-03-30,87.78,88.99,87.41,88.02,0.24
2015-03-31,90.65,90.89,89.74,90.72,0.578
2015-04-01,90.63,90.63,87.98,89.56,0.34
2015-04-02,89.41,90.8,89.06,89.34,0.223
2015-04-06,88.8,91.83,88.41,91.72,0.586
2015-04-07,92.15,93.89,92.15,92.59,0.602
2015-04-08,92.82,94.5,91.89,94.38,0.649
2015-04-09,94.55,95.57,93.58,95.5,0.46
2015-04-10,95.76,96.23,95.25,95.46,0.219
2015-04-13,95.43,95.55,94.02,94.13,0.23
2015-04-14,94.2,95.13,93.89,95.05,0.279
2015-04-15,95.47,96.5,95.11,95.81,0.424
2015-04-16,95.91,96.71,95.55,96.51,0.338
2015-04-17,96.07,96.24,94.42,95.53,0.275
2015-04-20,95.63,96.55,95.47,96.13,0.208
2015-04-21,96.57,97.39,96.0,96.96,0.23
2015-04-22,96.99,97.3,95.82,97.08,0.208
2015-04-23,96.91,98.12,96.86,97.98,0.205
2015-04-24,98.1,98.29,96.64,96.69,0.208
2015-04-27,97.3,97.63,94.48,94.81,0.292
2015-04-28,94.55,95.64,93.31,95.27,0.303
2015-04-29,95.12,95.2,93.13,94.16,0.37
2015-04-30,93.46,94.14,91.32,92.08,0.405
2015-05-01,91.66,93.11,91.26,92.5,0.359
2015-05-04,92.7,93.15,91.7,92.03,0.29
2015-05-05,91.62,91.93,89.92,90.49,0.369
2015-05-06,90.7,90.7,89.19,89.68,0.31
2015-05-07,89.68,91.47,89.39,91.27,0.353
2015-05-08,92.45,93.27,91.65,92.78,0.372
2015-05-11,93.02,93.76,92.15,93.06,0.477
2015-05-12,92.17,93.79,92.0,93.66,0.557
2015-05-13,98.41,107.08,98.12,106.75,2.154
2015-05-14,106.65,109.77,105.27,108.2,1.066
2015-05-15,108.06,109.75,108.06,109.49,0.651
2015-05-18,109.6,111.45,109.35,109.74,0.639
2015-05-19,109.8,110.81,109.31,109.67,0.443
2015-05-20,109.75,110.82,108.87,108.98,0.594
2015-05-21,109.02,109.85,107.33,109.34,0.488
2015-05-22,109.33,110.31,108.68,109.65,0.264
2015-05-26,109.38,109.38,107.4,107.99,0.318
2015-05-27,108.0,108.0,106.61,107.23,0.708
2015-05-28,107.23,109.68,107.08,109.4,0.345
2015-05-29,110.28,111.11,109.64,109.64,0.459
2015-06-01,110.29,111.18,109.28,110.34,0.354
2015-06-02,109.78,114.82,108.79,114.09,0.856
2015-06-03,114.85,115.21,114.0,114.07,0.516
2015-06-04,113.95,114.51,112.8,113.47,0.274
2015-06-05,113.51,114.35,112.37,114.29,0.337
2015-06-08,114.31,114.76,112.39,112.95,0.306
2015-06-09,113.02,113.1,110.23,112.48,0.334
2015-06-10,112.8,115.91,112.8,115.68,0.555
2015-06-11,116.07,116.92,114.71,115.57,0.375
2015-06-12,114.25,115.56,114.04,114.65,0.195
2015-06-15,114.09,114.36,112.21,114.26,0.215
2015-06-16,115.0,116.02,113.31,113.68,0.274
2015-06-17,113.84,114.91,112.57,112.97,0.261
2015-06-18,113.0,115.53,112.51,115.23,0.59
2015-06-19,115.67,116.85,114.62,116.58,0.603
2015-06-22,117.1,118.51,115.14,118.19,0.468
2015-06-23,118.71,119.47,116.3,117.92,0.445
2015-06-24,117.82,118.1,115.16,115.43,0.28
2015-06-25,115.41,115.41,113.1,114.71,0.33
2015-06-26,114.66,115.26,112.36,113.0,0.461
2015-06-29,112.23,113.32,108.89,109.0,0.511
2015-06-30,109.55,112.11,109.55,111.05,0.726
2015-07-01,112.62,115.45,112.12,112.81,0.418
2015-07-02,113.35,113.52,110.56,112.43,0.361
2015-07-06,111.63,112.86,110.34,111.84,0.307
2015-07-07,112.2,112.43,109.4,112.32,0.286
2015-07-08,111.69,112.06,108.13,108.47,0.416
2015-07-09,109.62,110.07,108.26,108.44,0.419
2015-07-10,109.66,109.98,106.65,109.75,0.574
2015-07-13,111.17,111.55,110.17,110.51,0.333
2015-07-14,110.85,114.43,110.77,114.06,0.41
2015-07-15,114.61,114.61,111.76,111.99,0.301
2015-07-16,113.17,114.64,112.42,114.1,0.27
2015-07-17,114.41,114.89,112.1,114.18,0.377
2015-07-20,115.0,117.0,114.57,115.38,0.439
2015-07-21,115.46,116.27,114.32,114.53,0.412
2015-07-22,114.14,114.75,113.0,113.71,0.372
2015-07-23,114.11,115.77,112.73,112.85,0.269
2015-07-24,112.97,113.9,110.4,110.89,0.28
2015-07-27,109.51,109.74,103.5,106.62,0.74
2015-07-28,106.67,108.17,106.02,107.51,0.408
2015-07-29,107.51,107.69,105.61,106.31,0.469
2015-07-30,105.64,106.73,104.69,105.97,0.37
2015-07-31,106.71,107.78,105.8,107.63,0.393
2015-08-03,107.75,107.75,104.31,105.68,0.353
2015-08-04,105.45,106.76,104.43,105.18,0.395
2015-08-05,105.5,107.63,105.34,105.89,0.423
2015-08-06,106.29,106.31,103.6,104.19,0.434
2015-08-07,104.11,106.26,103.28,106.08,0.466
2015-08-10,107.73,110.46,106.71,110.04,0.754
2015-08-11,96.6,96.74,81.01,83.8,4.453
2015-08-12,83.0,87.59,82.03,87.56,1.978
2015-08-13,86.82,88.53,85.31,86.74,0.9
2015-08-14,86.74,89.26,85.76,89.18,1.014
2015-08-17,88.54,91.49,87.6,90.59,0.853
2015-08-18,89.73,90.0,86.51,87.01,0.539
2015-08-19,86.84,88.73,85.85,87.07,0.46
2015-08-20,85.91,88.03,84.63,84.81,0.637
2015-08-21,83.82,85.12,81.1,81.25,0.535
2015-08-24,76.55,79.11,75.13,79.03,0.963
2015-08-25,81.54,82.0,77.7,78.0,0.914
2015-08-26,81.0,81.01,78.05,80.03,0.824
2015-08-27,81.07,83.7,79.98,83.7,0.513
2015-08-28,83.09,84.9,82.77,83.42,0.278
2015-08-31,82.7,83.93,81.77,82.88,0.46
2015-09-01,82.28,82.93,80.16,80.62,0.551
2015-09-02,81.21,81.36,78.9,80.69,0.587
2015-09-03,80.87,83.32,79.55,80.13,0.53
2015-09-04,79.29,80.1,78.37,79.14,0.65
2015-09-08,80.97,83.16,80.28,82.69,0.449
2015-09-09,83.91,84.98,80.86,81.05,0.37
2015-09-10,80.72,82.28,80.02,81.25,0.29
2015-09-11,81.0,81.82,80.22,81.61,0.303
2015-09-14,81.61,81.78,79.6,80.21,0.405
2015-09-15,80.72,83.09,80.0,83.03,0.315
2015-09-16,83.34,84.85,82.58,84.41,0.464
2015-09-17,84.36,88.02,83.84,86.9,0.579
2015-09-18,85.28,86.11,83.01,84.56,0.596
2015-09-21,85.38,85.67,82.99,83.0,0.321
2015-09-22,81.86,82.3,80.57,81.43,0.298
2015-09-23,81.9,81.9,80.34,80.49,0.305
2015-09-24,79.5,80.7,77.92,80.04,0.944
2015-09-25,81.26,81.26,77.43,78.08,0.685
2015-09-28,77.51,77.72,73.93,74.44,0.948
2015-09-29,74.31,75.03,71.95,72.21,0.895
2015-09-30,72.73,76.61,72.73,76.55,0.619
2015-10-01,76.2,77.12,75.2,76.86,0.465
2015-10-02,75.73,78.89,75.43,78.73,0.342
2015-10-05,79.3,80.83,78.81,79.66,0.461
2015-10-06,79.35,79.88,77.05,78.14,0.514
2015-10-07,78.54,80.1,77.71,79.03,0.571
2015-10-08,78.8,78.92,76.56,78.09,0.776
2015-10-09,78.34,79.02,77.49,78.33,0.511
2015-10-12,78.3,78.31,76.87,77.31,0.345
2015-10-13,76.49,77.45,75.48,75.62,0.506
2015-10-14,75.77,76.72,74.53,74.63,0.327
2015-10-15,74.47,75.37,73.72,74.87,0.534
2015-10-16,74.77,75.83,73.99,75.0,0.536
2015-10-19,74.88,75.14,73.66,73.75,0.462
2015-10-20,73.6,74.03,72.23,73.05,0.486
2015-10-21,73.68,73.85,71.21,71.87,0.602
2015-10-22,72.11,73.68,71.86,72.65,0.464
2015-10-23,73.73,76.41,72.68,76.04,0.587
2015-10-26,75.7,76.8,75.7,76.24,0.42
2015-10-27,76.16,76.49,74.54,75.37,0.394
2015-10-28,75.47,78.95,75.38,78.64,0.464
2015-10-29,78.28,78.62,76.6,77.84,0.364
2015-10-30,77.98,78.11,76.28,76.9,0.314
2015-11-02,76.99,78.77,76.99,78.62,0.497
2015-11-03,78.25,79.38,77.65,78.62,0.253
2015-11-04,78.75,80.43,78.2,79.68,0.522
2015-11-05,79.93,80.95,78.99,79.59,0.382
2015-11-06,79.53,81.91,79.03,81.45,0.584
2015-11-09,81.11,83.02,79.21,82.99,0.845
2015-11-10,80.69,82.9,75.02,75.78,1.518
2015-11-11,77.81,78.47,74.49,75.3,0.492
2015-11-12,75.57,75.96,70.92,71.04,0.676
2015-11-13,71.17,71.27,67.4,67.71,0.919
2015-11-16,68.6,72.72,68.58,72.2,1.309
2015-11-17,71.71,74.03,71.71,73.53,0.597
2015-11-18,73.97,75.42,73.1,75.19,0.334
2015-11-19,74.9,75.71,73.91,75.52,1.156
2015-11-20,75.86,76.74,74.75,74.89,0.304
2015-11-23,74.51,75.71,74.12,75.42,0.32
2015-11-24,75.07,78.2,74.0,77.84,0.432
2015-11-25,77.65,78.89,77.17,78.57,0.292
2015-11-27,78.55,78.55,77.14,77.72,0.176
2015-11-30,77.68,80.4,77.68,80.2,0.436
2015-12-01,80.31,81.0,79.36,79.89,0.33
2015-12-02,79.9,79.9,77.87,78.06,0.37
2015-12-03,78.26,78.8,76.69,77.22,0.392
2015-12-04,77.37,78.23,76.9,77.63,0.483
2015-12-07,77.35,78.14,75.61,76.15,0.648
2015-12-08,75.21,76.2,74.95,75.51,0.526
2015-12-09,75.17,77.77,74.34,74.64,0.569
2015-12-10,74.64,76.57,74.64,75.89,0.56
2015-12-11,74.85,74.86,72.41,72.53,0.865
2015-12-14,72.82,74.12,68.27,68.77,1.883
2015-12-15,69.56,70.26,68.39,70.0,0.854
2015-12-16,70.56,71.39,69.56,70.2,0.382
2015-12-17,70.29,70.74,66.37,66.45,1.157
2015-12-18,65.58,66.15,63.92,64.41,1.936
2015-12-21,65.29,67.67,64.41,67.6,1.681
2015-12-22,67.35,69.83,66.62,69.66,1.008
2015-12-23,70.39,71.76,68.9,71.02,0.592
2015-12-24,70.7,71.48,70.44,70.87,0.132
2015-12-28,70.77,70.88,69.72,70.09,0.461
2015-12-29,70.56,71.17,69.55,70.27,0.246
2015-12-30,69.84,70.4,69.4,69.45,0.309
2015-12-31,69.29,70.72,69.29,69.65,0.369
2016-01-04,67.68,67.68,65.62,66.49,0.656
2016-01-05,66.54,66.65,64.62,64.82,0.611
2016-01-06,63.57,64.32,61.55,62.23,0.882
2016-01-07,60.67,61.55,58.11,59.41,1.211
2016-01-08,59.8,59.98,58.97,59.25,1.035
2016-01-11,59.5,60.32,57.7,58.86,1.035
2016-01-12,59.57,60.28,58.36,59.85,0.561
2016-01-13,59.97,60.76,56.33,56.51,0.614
2016-01-14,56.81,59.05,55.94,57.83,0.78
2016-01-15,56.01,56.9,54.89,56.55,1.876
2016-01-19,57.12,58.68,55.57,56.67,1.211
2016-01-20,55.58,59.83,55.5,57.25,1.72
2016-01-21,57.25,57.73,55.5,55.56,0.785
2016-01-22,56.61,57.64,55.56,56.5,0.536
2016-01-25,55.89,56.95,55.15,55.38,0.953
2016-01-26,55.5,58.59,55.3,58.52,0.931
2016-01-27,58.0,59.33,57.12,57.27,0.938
2016-01-28,58.2,58.24,55.33,55.7,0.453
2016-01-29,56.11,60.47,56.11,60.4,0.678
2016-02-01,59.46,60.46,58.67,60.02,0.726
2016-02-02,58.9,59.54,57.69,57.93,0.875
2016-02-03,58.2,59.74,56.5,59.69,0.722
2016-02-04,59.4,62.38,58.97,61.01,0.864
2016-02-05,60.81,60.89,57.08,57.38,0.877
2016-02-08,56.36,56.62,53.75,54.44,0.728
2016-02-09,53.44,54.99,52.14,54.68,0.663
2016-02-10,55.25,58.75,54.83,57.8,0.89
2016-02-11,56.35,58.52,56.03,57.64,0.881
2016-02-12,58.88,59.91,57.68,59.31,0.576
2016-02-16,60.15,64.6,59.59,64.39,0.852
2016-02-17,65.28,67.22,64.14,67.05,0.956
2016-02-18,67.12,67.76,66.01,66.76,0.653
2016-02-19,66.27,67.38,64.22,67.27,0.512
2016-02-22,68.1,69.52,67.1,68.31,0.582
2016-02-23,68.07,69.33,67.42,68.86,0.604
2016-02-24,68.1,70.17,66.98,70.04,0.887
2016-02-25,69.37,70.3,58.62,59.78,2.666
2016-02-26,59.66,60.19,58.23,59.53,1.159
2016-02-29,59.57,61.97,59.18,61.78,0.853
2016-03-01,62.26,63.05,61.29,62.89,0.738
2016-03-02,63.06,65.57,62.35,65.48,0.547
2016-03-03,65.47,66.81,65.27,66.51,0.625
2016-03-04,66.53,67.19,64.7,65.41,0.614
2016-03-07,65.08,67.45,64.52,67.44,0.559
2016-03-08,66.84,67.71,63.41,63.53,0.71
2016-03-09,63.78,65.24,62.77,65.09,0.419
2016-03-10,65.58,65.86,62.73,64.19,0.492
2016-03-11,64.96,67.11,64.4,67.01,0.36
2016-03-14,66.8,67.16,65.4,65.83,0.457
2016-03-15,65.17,65.74,62.8,63.42,0.609
2016-03-16,63.13,65.69,62.66,65.58,0.581
2016-03-17,65.57,66.58,64.55,66.04,0.725
2016-03-18,65.53,67.92,65.23,67.79,0.691
2016-03-21,67.49,68.53,67.24,68.52,0.322
2016-03-22,68.01,69.7,68.01,69.15,0.416
2016-03-23,68.57,69.14,67.88,67.9,0.605
2016-03-24,68.48,68.5,67.33,68.19,0.426
2016-03-28,68.35,68.86,66.88,67.51,0.371
2016-03-29,66.57,68.85,66.28,68.59,0.517
2016-03-30,69.09,69.5,67.58,67.95,0.491
2016-03-31,67.87,69.27,67.84,69.0,0.557
2016-04-01,68.01,68.3,66.51,68.15,0.455
2016-04-04,68.17,68.4,66.12,66.71,0.447
2016-04-05,65.84,66.01,65.02,65.72,0.339
2016-04-06,65.84,66.84,64.44,66.79,0.214
2016-04-07,66.14,66.86,65.22,65.98,0.389
2016-04-08,66.69,67.41,65.38,66.03,0.229
2016-04-11,66.43,67.65,65.84,65.95,0.206
2016-04-12,66.0,66.43,64.47,65.91,0.217
2016-04-13,66.37,68.49,65.8,68.06,0.674
2016-04-14,67.79,68.03,64.38,65.06,0.898
2016-04-15,64.66,65.02,63.87,64.37,0.442
2016-04-18,64.1,64.68,63.55,64.01,0.729
2016-04-19,64.38,65.5,63.6,64.35,1.148
2016-04-20,64.28,65.0,64.1,64.47,1.341
2016-04-21,64.59,65.25,64.26,64.7,0.492
2016-04-22,64.46,65.75,63.98,65.26,0.671
2016-04-25,65.18,65.2,62.91,63.66,0.338
2016-04-26,64.02,64.38,62.5,64.1,0.996
2016-04-27,63.97,64.25,63.26,63.52,0.569
2016-04-28,63.37,64.24,62.66,62.8,0.575
2016-04-29,62.77,63.02,62.05,62.56,0.549
2016-05-02,62.71,63.37,61.77,63.19,0.392
2016-05-03,62.59,63.91,62.37,63.57,0.454
2016-05-04,62.77,64.12,62.72,63.05,0.451
2016-05-05,63.46,63.83,62.55,63.24,0.402
2016-05-06,62.82,63.75,62.12,63.45,0.443
2016-05-09,63.18,63.69,62.18,62.58,0.619
2016-05-10,55.01,56.09,51.16,51.46,5.28
2016-05-11,51.11,53.74,50.9,51.42,2.505
2016-05-12,51.52,51.9,50.83,51.7,1.169
2016-05-13,51.37,51.95,50.38,50.39,0.671
2016-05-16,50.64,51.16,49.6,49.84,1.159
2016-05-17,49.92,50.47,49.25,49.61,1.04
2016-05-18,49.42,50.45,49.42,49.99,1.004
2016-05-19,50.0,50.35,48.51,48.83,0.743
2016-05-20,48.91,50.48,48.91,49.93,0.914
2016-05-23,49.84,51.03,49.4,50.5,0.834
2016-05-24,50.72,51.5,50.5,50.77,0.59
2016-05-25,50.79,52.1,50.79,51.76,0.563
2016-05-26,51.78,52.06,51.33,51.85,0.452
2016-05-27,51.9,53.0,51.71,52.82,0.611
2016-05-31,52.94,53.29,52.75,53.11,0.547
2016-06-01,52.93,53.86,52.63,53.61,0.607
2016-06-02,53.38,54.4,53.1,54.31,0.429
2016-06-03,54.43,54.99,53.87,54.76,0.604
2016-06-06,55.03,56.16,54.68,55.88,0.531
2016-06-07,56.0,56.36,55.22,56.22,0.497
2016-06-08,55.63,56.21,55.44,56.05,0.612
2016-06-09,55.73,56.44,55.0,56.26,0.53
2016-06-10,55.53,56.18,54.95,56.02,0.869
2016-06-13,55.7,56.21,55.23,55.4,0.729
2016-06-14,55.31,55.98,54.94,55.25,0.87
2016-06-15,55.36,56.32,55.18,55.92,0.475
2016-06-16,55.58,56.73,55.25,56.62,0.658
2016-06-17,56.6,57.75,56.56,56.93,0.541
2016-06-20,57.66,58.02,56.86,57.56,0.468
2016-06-21,57.44,57.44,56.61,57.2,0.469
2016-06-22,57.16,57.95,57.03,57.6,0.408
2016-06-23,58.11,59.14,56.65,59.13,0.327
2016-06-24,56.74,57.35,54.15,54.55,2.037
2016-06-27,53.4,53.63,49.17,49.61,2.51
2016-06-28,49.61,50.83,49.38,50.76,1.299
2016-06-29,50.98,52.31,48.84,49.54,1.844
2016-06-30,49.89,50.6,48.64,50.1,1.017
2016-07-01,50.01,50.74,49.3,49.82,0.758
2016-07-05,49.5,49.96,47.0,47.61,0.994
2016-07-06,47.48,47.59,46.13,46.93,1.24
2016-07-07,47.13,47.74,46.42,46.99,1.104
2016-07-08,47.53,48.04,47.26,47.88,0.744
2016-07-11,48.32,48.86,48.05,48.23,0.469
2016-07-12,48.57,50.21,48.57,49.69,0.688
2016-07-13,49.69,50.72,48.78,49.19,0.451
2016-07-14,49.61,50.35,49.34,49.38,0.685
2016-07-15,49.4,50.13,49.13,49.99,0.754
2016-07-18,50.14,50.6,49.73,50.51,0.449
2016-07-19,50.21,51.15,49.96,50.05,0.436
2016-07-20,50.14,51.32,50.01,51.25,0.588
2016-07-21,51.1,51.91,50.44,50.63,0.421
2016-07-22,50.51,51.56,50.07,51.21,0.317
2016-07-25,51.0,51.95,50.93,51.68,0.488
2016-07-26,51.68,52.92,51.68,52.65,0.554
2016-07-27,53.0,53.72,52.42,52.97,0.661
2016-07-28,52.89,53.19,52.58,53.0,0.326
2016-07-29,53.0,53.33,52.53,53.01,0.368
2016-08-01,53.21,53.7,52.84,53.54,0.489
2016-08-02,53.74,53.9,52.32,52.51,0.509
2016-08-03,52.77,56.04,52.77,55.89,0.998
2016-08-04,56.0,56.73,55.41,56.6,0.753
2016-08-05,56.76,57.89,56.2,57.43,0.723
2016-08-08,57.43,58.15,57.12,57.99,0.778
2016-08-09,63.99,64.68,60.57,62.82,1.632
2016-08-10,63.49,67.27,62.7,64.82,1.825
2016-08-11,64.83,65.2,63.53,64.93,1.022
2016-08-12,64.66,67.0,64.27,66.72,0.852
2016-08-15,66.73,68.78,66.73,68.71,0.773
2016-08-16,68.44,70.25,67.94,70.19,0.763
2016-08-17,70.3,71.03,66.58,66.89,0.95
2016-08-18,66.89,67.47,66.3,66.85,0.655
2016-08-19,66.47,68.95,66.47,68.89,0.642
2016-08-22,68.69,68.77,67.81,68.55,0.417
2016-08-23,69.15,69.64,68.36,69.39,0.29
2016-08-24,69.13,69.52,68.76,68.92,0.355
2016-08-25,68.52,70.12,68.23,69.96,0.476
2016-08-26,69.8,70.72,69.55,70.45,0.421
2016-08-29,70.45,71.61,70.05,71.19,0.247
2016-08-30,70.72,71.42,70.24,70.87,0.389
2016-08-31,70.48,70.52,69.49,69.96,0.465
2016-09-01,69.71,70.66,68.44,69.29,0.695
2016-09-02,69.62,69.93,68.89,69.63,0.676
2016-09-06,69.56,70.23,68.99,69.23,0.378
2016-09-07,68.71,69.55,68.35,68.95,0.565
2016-09-08,68.98,69.04,67.98,68.19,0.456
2016-09-09,67.95,68.35,65.83,66.12,0.503
2016-09-12,65.46,67.27,65.46,66.88,0.596
2016-09-13,66.56,67.03,65.82,66.18,0.368
2016-09-14,66.3,66.36,64.87,65.12,0.43
2016-09-15,65.13,67.43,64.62,67.14,0.325
2016-09-16,66.72,67.39,66.4,67.26,0.412
2016-09-19,67.35,69.51,66.72,68.77,0.482
2016-09-20,69.14,69.14,68.11,68.56,0.295
2016-09-21,68.7,70.57,68.7,70.44,0.318
2016-09-22,71.0,71.42,70.41,71.06,0.335
2016-09-23,70.6,71.09,68.89,69.0,0.24
2016-09-26,68.84,69.23,68.27,68.57,0.26
2016-09-27,68.43,69.55,68.36,68.95,0.191
2016-09-28,69.28,70.3,69.19,69.84,0.318
2016-09-29,69.62,69.89,68.67,69.04,0.234
2016-09-30,69.18,69.83,68.78,69.61,0.395
2016-10-03,69.14,70.53,69.07,69.92,0.334
2016-10-04,69.93,70.61,69.34,69.41,0.258
2016-10-05,69.98,70.95,68.61,70.0,0.398
2016-10-06,69.97,70.06,68.88,69.06,0.395
2016-10-07,68.9,69.14,67.87,68.72,0.287
2016-10-10,69.29,69.93,68.64,68.68,0.216
2016-10-11,68.57,68.58,65.86,66.81,0.683
2016-10-12,66.73,67.13,66.18,66.57,0.437
2016-10-13,65.89,65.89,63.85,64.88,0.49
2016-10-14,65.57,66.82,64.41,65.01,0.289
2016-10-17,65.13,65.5,64.8,65.28,0.188
2016-10-18,66.15,66.15,64.9,65.36,0.195
2016-10-19,65.42,66.04,64.94,65.46,0.205
2016-10-20,65.12,66.03,65.12,65.27,0.298
2016-10-21,65.07,65.31,64.48,64.7,0.262
2016-10-24,64.91,65.96,64.91,65.43,0.219
2016-10-25,65.45,65.74,64.86,65.07,0.238
2016-10-26,64.67,67.38,64.67,67.15,0.35
2016-10-27,67.46,67.46,66.17,66.33,0.199
2016-10-28,66.5,67.38,65.88,66.27,0.231
2016-10-31,66.03,66.99,65.68,65.84,0.404
2016-11-01,65.7,66.63,65.03,66.58,0.487
2016-11-02,66.24,66.48,64.47,65.45,0.595
2016-11-03,65.46,66.06,63.87,64.08,0.453
2016-11-04,64.29,64.44,62.91,62.97,0.497
2016-11-07,64.04,65.29,63.8,64.69,0.533
2016-11-08,64.71,65.27,63.81,64.81,0.394
2016-11-09,63.97,67.64,63.54,67.15,0.37
2016-11-10,67.84,69.68,67.55,68.18,0.953
2016-11-11,67.96,68.2,66.46,66.88,0.787
2016-11-14,67.18,67.18,65.69,66.81,0.687
2016-11-15,67.92,76.61,67.28,75.46,3.211
2016-11-16,75.4,75.88,72.22,72.95,1.273
2016-11-17,72.97,74.19,71.55,73.94,0.718
2016-11-18,73.51,75.8,72.73,75.01,0.51
2016-11-21,75.49,76.11,74.92,75.43,0.441
2016-11-22,76.04,77.21,75.65,77.11,0.379
2016-11-23,77.03,79.12,77.0,79.1,0.7
2016-11-25,79.1,79.18,75.94,79.1,0.184
2016-11-28,78.59,78.96,77.28,78.12,0.458
2016-11-29,77.8,79.26,77.52,78.81,0.456
2016-11-30,79.32,79.84,78.42,79.05,0.425
2016-12-01,79.82,79.82,76.64,76.84,0.641
2016-12-02,76.83,78.71,75.7,78.35,0.366
2016-12-05,78.84,81.21,78.46,80.94,0.533
2016-12-06,81.39,82.18,79.82,81.61,0.351
2016-12-07,81.5,83.15,79.98,82.92,0.466
2016-12-08,83.38,83.87,82.51,83.39,0.3
2016-12-09,84.16,85.38,82.86,83.27,0.31
2016-12-12,83.43,83.99,82.46,82.8,0.369
2016-12-13,83.4,85.01,83.0,84.5,0.382
2016-12-14,84.13,85.11,80.61,84.53,0.414
2016-12-15,84.67,85.37,84.21,85.2,0.335
2016-12-16,85.11,85.61,84.09,84.52,0.631
2016-12-19,84.97,86.55,82.97,86.28,0.426
2016-12-20,87.38,87.95,85.91,87.49,0.375
2016-12-21,87.15,87.94,86.59,86.77,0.254
2016-12-22,87.05,87.53,85.88,86.17,0.247
2016-12-23,86.07,86.57,85.72,86.42,0.106
2016-12-27,86.69,87.67,85.33,87.05,0.154
2016-12-28,87.19,88.0,85.31,85.61,0.144
2016-12-29,85.41,86.25,84.61,85.94,0.177
2016-12-30,86.06,86.3,85.33,85.76,0.22
2017-01-03,86.58,87.28,85.6,86.25,0.388
2017-01-04,85.75,88.03,85.75,87.03,0.463
2017-01-05,86.53,87.2,84.32,84.75,0.487
2017-01-06,84.99,86.23,84.03,85.96,0.308
2017-01-09,85.68,86.74,85.24,85.97,0.263
2017-01-10,86.45,86.45,85.26,85.44,0.42
2017-01-11,85.23,86.85,84.82,84.99,0.346
2017-01-12,84.52,84.8,81.63,83.76,0.456
2017-01-13,84.19,85.07,83.86,83.89,0.402
2017-01-17,83.51,84.29,82.73,82.98,0.2
2017-01-18,83.07,84.14,83.02,83.97,0.275
2017-01-19,83.91,84.83,83.43,83.75,0.225
2017-01-20,84.06,84.29,83.1,83.47,0.187
2017-01-23,83.31,84.21,81.73,84.19,0.338
2017-01-24,84.59,85.78,83.94,84.98,0.28
2017-01-25,85.55,85.55,84.13,85.07,0.294
2017-01-26,84.94,85.42,84.48,84.68,0.157
2017-01-27,84.79,84.98,82.46,84.56,0.261
2017-01-30,83.88,84.67,82.5,84.48,0.264
2017-01-31,84.51,84.64,82.43,83.67,0.294
2017-02-01,84.5,84.93,82.52,82.61,0.435
2017-02-02,82.53,83.46,81.02,82.77,0.407
2017-02-03,83.04,83.69,82.78,83.49,0.36
2017-02-06,83.18,84.39,82.43,83.07,0.198
2017-02-07,83.41,83.82,82.5,83.58,0.16
2017-02-08,83.5,83.91,82.49,83.53,0.208
2017-02-09,83.49,84.96,83.05,84.63,0.202
2017-02-10,84.99,85.32,84.01,85.03,0.185
2017-02-13,85.16,85.98,84.75,85.32,0.172
2017-02-14,85.32,85.63,84.85,85.37,0.201
2017-02-15,84.45,85.83,84.45,85.81,0.214
2017-02-16,85.73,85.95,84.94,85.23,0.37
2017-02-17,84.74,85.99,84.36,85.99,0.236
2017-02-21,86.21,86.77,85.57,86.68,0.36
2017-02-22,86.48,86.77,84.9,85.73,0.358
2017-02-23,90.0,93.61,88.51,89.9,0.919
2017-02-24,89.99,93.04,89.35,92.94,1.08
2017-02-27,93.0,93.1,91.73,92.39,0.648
2017-02-28,92.01,92.44,90.7,90.71,0.424
2017-03-01,91.38,91.92,90.27,90.71,0.603
2017-03-02,90.59,90.59,88.23,88.98,0.391
2017-03-03,89.01,90.02,88.61,89.35,0.25
2017-03-06,89.19,89.19,88.14,88.45,0.249
2017-03-07,88.27,89.22,87.98,88.02,0.315
2017-03-08,88.0,88.86,86.46,88.31,0.335
2017-03-09,87.96,89.11,87.78,88.58,0.219
2017-03-10,88.89,89.45,88.39,89.28,0.224
2017-03-13,89.6,89.96,88.58,89.27,0.154
2017-03-14,88.89,89.41,87.99,88.93,0.201
2017-03-15,89.55,91.43,87.91,90.89,0.441
2017-03-16,90.46,92.07,90.02,91.31,0.328
2017-03-17,91.64,92.0,90.23,90.75,0.435
2017-03-20,90.76,91.23,89.92,90.07,0.18
2017-03-21,90.37,90.97,85.88,86.15,0.366
2017-03-22,85.97,87.05,85.0,86.86,0.286
2017-03-23,86.66,87.86,86.3,86.88,0.195
2017-03-24,87.22,87.79,86.07,86.73,0.172
2017-03-27,85.92,87.06,84.32,86.5,0.218
2017-03-28,86.92,88.86,86.31,88.58,0.285
2017-03-29,88.63,88.98,87.57,88.83,0.258
2017-03-30,88.8,90.47,88.8,89.56,0.312
2017-03-31,89.69,91.53,89.11,91.25,0.314
2017-04-03,91.16,92.11,90.83,91.43,0.429
2017-04-04,91.25,92.4,90.93,91.68,0.351
2017-04-05,92.07,92.79,90.31,90.61,0.563
2017-04-06,90.5,93.27,90.17,92.73,0.223
2017-04-07,92.16,92.96,91.85,92.13,0.318
2017-04-10,92.09,93.29,91.59,92.13,0.156
2017-04-11,91.79,92.18,90.72,91.93,0.212
2017-04-12,91.76,92.61,88.65,88.71,0.314
2017-04-13,88.56,89.13,86.82,87.33,0.324
2017-04-17,88.0,88.95,87.27,88.88,0.236
2017-04-18,88.82,90.0,88.41,89.89,0.198
2017-04-19,90.14,90.54,89.77,90.41,0.233
2017-04-20,90.76,91.37,90.56,90.82,0.272
2017-04-21,90.84,91.14,89.75,90.97,0.215
2017-04-24,91.91,93.22,91.12,93.02,0.304
2017-04-25,93.3,96.0,93.3,95.04,0.358
2017-04-26,95.38,96.54,93.65,93.84,0.246
2017-04-27,94.26,95.27,93.38,94.16,0.292
2017-04-28,94.13,94.54,93.11,94.27,0.31
2017-05-01,94.57,96.26,93.86,94.85,0.273
2017-05-02,95.34,95.43,92.82,93.86,0.285
2017-05-03,93.22,94.03,92.66,93.94,0.203
2017-05-04,94.17,94.36,92.78,94.29,0.209
2017-05-05,94.61,96.65,94.34,96.56,0.315
2017-05-08,96.7,96.94,94.63,96.69,0.415
2017-05-09,99.0,99.0,96.52,98.45,0.958
2017-05-10,97.46,100.19,97.15,98.87,0.578
2017-05-11,98.28,99.43,97.2,99.1,0.316
2017-05-12,98.94,99.73,98.35,99.64,0.23
2017-05-15,99.73,100.99,99.68,100.69,0.358
2017-05-16,101.0,101.0,99.77,100.5,0.291
2017-05-17,99.28,99.36,96.77,98.11,0.44
2017-05-18,97.57,99.0,96.52,98.11,0.294
2017-05-19,98.78,99.28,98.13,98.48,0.267
2017-05-22,99.07,103.78,98.95,103.68,0.655
2017-05-23,104.28,104.28,101.65,102.28,0.306
2017-05-24,102.05,104.47,102.0,104.41,0.341
2017-05-25,105.0,107.27,104.51,106.3,0.428
2017-05-26,106.05,106.5,105.0,105.92,0.238
2017-05-30,105.55,107.15,105.01,106.73,0.274
2017-05-31,105.05,105.95,102.1,104.34,0.565
2017-06-01,105.07,108.27,104.48,108.14,0.494
2017-06-02,108.33,108.76,107.38,107.75,0.346
2017-06-05,108.04,108.36,105.81,105.9,0.273
2017-06-06,105.03,106.18,105.03,105.24,0.308
2017-06-07,105.79,106.84,104.92,106.57,0.431
2017-06-08,106.6,108.2,106.03,108.03,0.438
2017-06-09,108.11,109.3,104.45,106.09,0.526
2017-06-12,105.43,105.59,101.75,104.14,0.437
2017-06-13,105.2,105.45,104.03,104.78,0.298
2017-06-14,105.53,105.53,102.18,103.0,0.331
2017-06-15,101.7,104.44,101.01,104.4,0.284
2017-06-16,103.91,105.53,102.89,104.3,0.683
2017-06-19,105.16,106.48,104.79,106.0,0.519
2017-06-20,105.85,106.54,105.3,105.83,0.326
2017-06-21,106.2,106.4,104.68,105.15,0.296
2017-06-22,104.94,105.94,103.69,105.08,0.321
2017-06-23,105.45,106.5,104.39,105.25,0.573
2017-06-26,105.58,106.62,103.68,104.19,0.223
2017-06-27,104.25,105.45,101.31,101.43,0.227
2017-06-28,101.76,102.67,100.73,102.0,0.351
2017-06-29,102.05,102.39,99.08,100.23,0.646
2017-06-30,100.64,101.66,99.74,100.52,0.457
2017-07-03,100.91,101.19,99.01,99.69,0.169
2017-07-05,99.73,100.48,98.61,99.86,0.351
2017-07-06,99.33,99.79,97.83,98.66,0.342
2017-07-07,99.19,100.6,97.85,99.85,0.322
2017-07-10,99.66,100.27,99.07,100.03,0.322
2017-07-11,100.0,101.84,99.53,100.67,0.443
2017-07-12,101.58,102.22,100.48,100.52,0.263
2017-07-13,100.51,101.01,99.94,100.18,0.274
2017-07-14,100.43,102.26,100.35,102.1,0.25
2017-07-17,102.35,102.79,100.62,100.72,0.174
2017-07-18,100.85,101.2,99.77,100.52,0.224
2017-07-19,100.53,101.21,99.95,100.62,0.295
2017-07-20,100.71,100.78,99.71,100.0,0.289
2017-07-21,100.18,100.18,98.41,98.83,0.313
2017-07-24,98.85,100.68,98.85,100.32,0.307
2017-07-25,100.77,100.77,99.61,100.22,0.584
2017-07-26,100.39,101.07,99.86,100.06,0.217
2017-07-27,100.58,103.13,100.54,102.77,0.414
2017-07-28,102.52,103.69,101.45,102.76,0.388
2017-07-31,102.85,103.12,101.69,101.72,0.268
2017-08-01,102.1,102.25,101.1,101.15,0.265
2017-08-02,101.29,101.29,97.02,97.75,0.424
2017-08-03,97.48,98.02,95.88,95.97,0.302
2017-08-04,96.0,97.48,95.58,96.2,0.408
2017-08-07,96.28,97.55,94.78,97.25,0.782
2017-08-08,99.0,107.35,98.5,106.65,1.204
2017-08-09,107.06,107.29,102.88,103.84,0.677
2017-08-10,103.11,104.99,102.04,102.5,0.42
2017-08-11,102.47,105.16,102.24,103.49,0.365
2017-08-14,105.53,105.53,103.16,103.19,0.377
2017-08-15,103.56,107.15,101.38,106.1,0.555
2017-08-16,106.15,108.99,105.69,106.44,0.509
2017-08-17,106.12,106.12,103.03,103.07,0.254
2017-08-18,102.54,103.79,101.92,102.92,0.258
2017-08-21,102.94,103.72,102.15,102.2,0.428
2017-08-22,102.92,103.9,102.31,103.29,0.213
2017-08-23,102.7,104.04,102.69,102.93,0.172
2017-08-24,103.0,103.6,102.25,102.48,0.253
2017-08-25,103.01,103.49,102.6,102.77,0.193
2017-08-28,102.8,103.31,102.56,102.82,0.274
2017-08-29,102.2,102.6,101.17,101.59,0.272
2017-08-30,101.73,102.39,101.37,101.98,0.239
2017-08-31,102.02,103.37,101.72,103.09,0.256
2017-09-01,103.39,104.54,102.79,104.18,0.206
2017-09-05,104.2,104.38,99.87,100.74,0.242
2017-09-06,100.87,101.57,100.03,100.85,0.296
2017-09-07,101.12,101.12,100.12,100.75,0.201
2017-09-08,100.39,100.72,99.59,99.76,0.155
2017-09-11,100.99,103.5,100.91,103.13,0.28
2017-09-12,103.69,104.3,102.18,103.45,0.187
2017-09-13,102.82,104.36,102.4,104.2,0.404
2017-09-14,104.27,105.52,103.51,105.48,0.362
2017-09-15,105.5,105.98,104.75,105.82,0.417
2017-09-18,106.04,108.14,105.9,108.04,0.507
2017-09-19,108.12,108.98,107.48,108.16,0.371
2017-09-20,108.39,108.39,106.42,106.86,0.342
2017-09-21,107.04,108.76,106.56,107.68,0.243
2017-09-22,107.3,109.19,106.77,108.91,0.179
2017-09-25,108.41,108.45,106.46,106.69,0.25
2017-09-26,106.7,107.75,105.94,106.16,0.351
2017-09-27,106.82,107.44,105.77,106.76,0.307
2017-09-28,106.72,109.89,106.26,109.04,0.316
2017-09-29,108.96,109.68,107.11,108.58,0.269
2017-10-02,108.48,111.23,108.41,109.88,0.393
2017-10-03,109.91,111.11,109.36,110.8,0.542
2017-10-04,111.0,112.53,110.94,111.4,0.348
2017-10-05,111.66,112.06,110.81,111.02,0.184
2017-10-06,110.3,111.62,110.01,110.76,0.273
2017-10-09,110.99,110.99,109.79,109.91,0.109
2017-10-10,110.64,110.64,108.98,110.27,0.146
2017-10-11,110.63,111.36,110.21,111.3,0.273
2017-10-12,111.29,111.36,109.99,110.09,0.17
2017-10-13,110.66,110.66,109.59,109.79,0.163
2017-10-16,110.15,110.52,109.6,110.16,0.292
2017-10-17,109.86,110.94,109.12,110.88,0.128
2017-10-18,111.47,113.12,111.15,112.76,0.218
2017-10-19,112.07,112.63,110.57,112.13,0.17
2017-10-20,112.56,112.67,111.23,111.38,0.182
2017-10-23,111.18,111.68,110.42,111.46,0.12
2017-10-24,111.78,112.32,111.34,111.78,0.175
2017-10-25,111.78,112.49,110.12,110.8,0.202
2017-10-26,111.05,111.77,110.21,111.48,0.207
2017-10-27,111.49,111.97,110.56,111.61,0.225
2017-10-30,111.4,111.73,109.79,110.47,0.193
2017-10-31,114.05,117.44,113.82,115.99,0.498
2017-11-01,117.05,117.05,113.12,113.77,0.265
2017-11-02,113.6,114.65,111.26,112.7,0.206
2017-11-03,113.13,114.4,112.27,114.33,0.378
2017-11-06,114.24,116.41,113.42,115.79,0.596
2017-11-07,110.6,114.53,106.37,109.31,1.279
2017-11-08,110.19,111.2,106.42,106.61,0.795
2017-11-09,106.3,106.3,103.12,104.43,0.406
2017-11-10,104.44,104.98,102.62,104.42,0.321
2017-11-13,103.67,105.49,102.76,104.94,0.336
2017-11-14,104.97,105.49,104.16,104.99,0.345
2017-11-15,104.17,105.07,103.02,104.34,0.244
2017-11-16,104.69,108.03,104.69,107.86,0.392
2017-11-17,107.3,109.83,106.5,108.76,0.471
2017-11-20,109.25,109.53,107.9,108.89,0.318
2017-11-21,109.29,109.97,108.57,108.77,0.284
2017-11-22,108.84,110.4,108.0,108.56,0.225
2017-11-24,108.79,109.99,108.63,109.13,0.083
2017-11-27,109.32,109.89,108.25,108.73,0.2
2017-11-28,108.78,109.52,108.26,109.34,0.19
2017-11-29,111.63,112.39,108.58,109.43,0.32
2017-11-30,110.06,110.77,109.36,110.32,0.222
2017-12-01,110.33,110.85,108.45,110.36,0.351
2017-12-04,111.43,111.7,109.41,109.51,0.36
2017-12-05,109.32,110.13,107.14,107.36,0.266
2017-12-06,106.93,108.12,105.25,105.31,0.314
2017-12-07,105.76,108.17,105.72,107.67,0.342
2017-12-08,108.44,108.98,107.4,107.91,0.174
2017-12-11,107.95,108.39,107.63,107.71,0.18
2017-12-12,107.75,108.29,106.33,106.43,0.253
2017-12-13,106.7,107.21,105.75,105.99,0.177
2017-12-14,105.87,107.01,103.88,104.14,0.24
2017-12-15,104.41,105.38,101.49,101.83,0.764
2017-12-18,102.62,104.53,102.62,103.65,0.326
2017-12-19,103.73,104.97,103.73,103.93,0.238
2017-12-20,104.77,106.66,104.11,106.38,0.486
2017-12-21,106.6,106.94,105.59,106.53,0.372
2017-12-22,106.27,106.72,104.28,105.15,0.138
2017-12-26,104.89,105.35,104.26,104.79,0.157
2017-12-27,104.77,105.89,104.77,104.95,0.106
2017-12-28,105.13,105.19,103.66,104.28,0.119
2017-12-29,104.33,104.94,103.28,103.8,0.16
2018-01-02,104.1,105.14,102.75,103.71,0.311
2018-01-03,103.73,106.25,103.48,105.77,0.253
2018-01-04,106.17,108.11,105.84,107.86,0.435
2018-01-05,108.06,109.95,108.01,109.54,0.302
2018-01-08,109.73,111.4,109.57,110.63,0.219
2018-01-09,111.34,114.44,111.34,114.02,0.355
2018-01-10,113.46,114.99,113.18,114.78,0.403
2018-01-11,114.95,121.29,114.29,121.17,0.493
2018-01-12,121.0,123.66,119.85,123.15,0.421
2018-01-16,123.16,124.62,123.03,123.38,0.402
2018-01-17,123.53,124.38,123.21,123.78,0.445
2018-01-18,124.21,124.8,123.04,123.23,0.387
2018-01-19,123.62,124.45,122.19,123.75,0.31
2018-01-22,123.27,124.35,122.05,124.29,0.187
2018-01-23,124.29,126.28,122.95,125.68,0.393
2018-01-24,125.69,126.49,123.15,123.35,0.449
2018-01-25,123.85,124.74,122.28,123.5,0.246
2018-01-26,123.88,124.58,122.79,123.48,0.405
2018-01-29,123.77,125.34,122.1,124.61,0.234
2018-01-30,124.2,124.69,122.94,124.13,0.245
2018-01-31,125.55,125.95,122.83,123.16,0.215
2018-02-01,122.55,123.25,120.75,121.5,0.262
2018-02-02,121.93,122.78,120.14,120.73,0.288
2018-02-05,119.28,121.84,117.02,117.02,0.374
2018-02-06,115.52,117.46,113.33,116.51,0.284
2018-02-07,116.18,117.13,115.33,116.43,0.24
2018-02-08,116.9,117.93,113.52,113.54,0.253
2018-02-09,114.8,115.66,110.48,114.92,0.41
2018-02-12,115.36,116.99,114.57,116.01,0.254
2018-02-13,115.7,116.94,115.38,116.71,0.199
2018-02-14,116.27,118.93,116.0,118.8,0.3
2018-02-15,119.66,120.62,118.25,120.54,0.288
2018-02-16,120.14,121.01,119.65,120.25,0.224
2018-02-20,119.91,121.51,119.35,120.07,0.538
2018-02-21,120.32,122.07,120.09,120.35,0.646
2018-02-22,129.0,137.56,127.51,135.24,1.421
2018-02-23,137.0,142.65,136.82,141.9,0.798
2018-02-26,142.24,144.53,140.25,140.99,0.772
2018-02-27,142.19,143.52,140.32,140.37,0.516
2018-02-28,140.4,141.76,137.8,138.14,0.315
2018-03-01,138.66,141.83,136.23,140.68,0.376
2018-03-02,139.3,140.0,135.16,135.45,0.398
2018-03-05,135.27,141.41,132.65,141.02,0.546
2018-03-06,141.56,143.41,141.45,143.22,0.384
2018-03-07,141.86,145.55,141.02,143.98,0.381
2018-03-08,144.82,144.98,141.27,141.4,0.254
2018-03-09,141.53,143.92,139.95,141.18,0.612
2018-03-12,142.75,145.18,142.75,144.75,0.365
2018-03-13,142.75,145.18,142.75,144.2,0.804
2018-03-14,144.78,147.89,144.37,146.79,0.46
2018-03-15,147.32,147.99,144.12,144.4,0.332
2018-03-16,144.28,145.1,143.34,143.34,0.533
2018-03-19,142.8,142.95,139.25,139.89,0.353
2018-03-20,139.9,142.56,139.88,142.34,0.276
2018-03-21,142.69,144.65,142.65,143.46,0.287
2018-03-22,141.96,142.6,138.12,138.29,0.398
2018-03-23,138.69,140.67,136.22,136.35,0.308
2018-03-26,140.22,142.26,138.05,140.4,0.516
2018-03-27,140.63,140.63,134.82,135.46,0.384
2018-03-28,135.02,137.15,132.94,135.95,0.363
2018-03-29,137.06,140.0,136.64,139.19,0.224
2018-04-02,137.86,139.98,135.02,137.4,0.43
2018-04-03,138.35,140.94,134.46,139.81,0.623
2018-04-04,138.19,140.28,136.75,139.48,0.587
2018-04-05,140.08,140.33,138.53,139.18,0.303
2018-04-06,138.5,139.86,134.5,135.44,0.342
2018-04-09,136.34,138.71,135.95,136.15,0.216
2018-04-10,138.2,142.77,137.92,141.59,0.34
2018-04-11,140.47,142.04,138.75,141.25,0.223
2018-04-12,141.85,143.4,141.27,141.3,0.332
2018-04-13,141.7,142.99,141.09,141.24,0.331
2018-04-16,142.5,142.95,140.18,141.79,0.235
2018-04-17,143.22,144.71,142.44,144.28,0.316
2018-04-18,144.99,146.7,142.9,145.51,0.239
2018-04-19,145.22,145.78,141.98,142.5,0.163
2018-04-20,142.05,143.19,140.79,142.15,0.25
2018-04-23,142.97,143.72,138.68,139.56,0.247
2018-04-24,140.14,142.09,136.29,137.75,0.294
2018-04-25,137.86,138.92,135.75,136.88,0.418
2018-04-26,136.91,137.97,135.19,136.36,0.267
2018-04-27,136.8,138.35,134.27,135.13,0.32
2018-04-30,135.12,136.94,134.78,134.83,0.231
2018-05-01,134.35,137.07,133.74,136.78,0.334
2018-05-02,135.18,137.04,132.91,133.12,0.434
2018-05-03,132.44,134.05,130.79,133.54,0.396
2018-05-04,133.17,135.89,132.35,134.67,0.363
2018-05-07,135.38,137.75,134.96,137.48,0.426
2018-05-08,145.93,157.18,144.99,153.24,1.501
2018-05-09,155.29,155.66,149.14,149.57,0.536
2018-05-10,149.97,154.56,149.65,153.12,0.376
2018-05-11,153.49,155.7,152.91,155.57,0.445
2018-05-14,155.28,156.0,153.0,153.65,0.315
2018-05-15,152.14,154.72,149.72,154.45,0.379
2018-05-16,153.85,156.81,152.11,156.04,0.334
2018-05-17,155.03,156.25,152.27,153.63,0.308
2018-05-18,152.7,154.59,152.6,152.63,0.177
2018-05-21,152.03,155.15,152.03,154.16,0.223
2018-05-22,154.58,155.69,153.53,154.19,0.246
2018-05-23,154.01,154.01,152.28,152.96,0.195
2018-05-24,153.09,154.45,152.02,153.81,0.312
2018-05-25,153.7,155.22,153.38,154.95,0.273
2018-05-29,154.02,156.32,153.63,153.99,0.251
2018-05-30,154.38,156.9,153.43,156.13,0.36
2018-05-31,156.42,157.8,152.57,153.51,0.537
2018-06-01,154.01,154.47,152.2,152.49,0.715
2018-06-04,152.86,153.91,152.57,153.3,0.52
2018-06-05,154.28,156.9,154.0,156.78,0.522
2018-06-06,157.17,159.4,156.06,158.98,0.466
2018-06-07,159.48,159.83,157.89,158.17,0.43
2018-06-08,158.73,161.72,157.84,160.66,0.663
2018-06-11,160.96,161.38,158.6,158.78,0.264
2018-06-12,158.77,161.13,158.77,160.94,0.264
2018-06-13,160.22,160.26,157.75,158.02,0.284
2018-06-14,158.92,159.73,157.62,157.73,0.261
2018-06-15,155.47,157.47,154.53,155.96,0.863
2018-06-18,155.86,157.81,154.94,155.04,0.517
2018-06-19,153.0,154.99,149.45,152.56,0.515
2018-06-20,153.14,155.28,152.72,153.03,0.232
2018-06-21,153.0,153.59,150.2,150.69,0.316
2018-06-22,151.84,151.84,147.75,147.88,0.482
2018-06-25,147.75,147.75,141.03,142.21,0.562
2018-06-26,143.2,144.36,141.36,143.22,0.569
2018-06-27,143.96,144.78,141.67,141.76,0.384
2018-06-28,140.94,143.84,140.07,143.31,0.23
2018-06-29,144.11,145.69,143.22,143.25,0.255
2018-07-02,141.89,148.57,140.6,148.28,0.594
2018-07-03,148.86,150.42,147.24,148.32,0.324
2018-07-05,149.96,150.66,147.32,148.25,0.448
2018-07-06,147.76,149.14,147.11,148.25,0.15
2018-07-09,149.66,150.32,148.61,149.72,0.286
2018-07-10,149.5,150.63,149.01,149.87,0.27
2018-07-11,149.12,149.12,146.17,146.67,0.286
2018-07-12,147.94,149.6,147.55,149.36,0.434
2018-07-13,149.33,149.96,148.5,149.43,0.585
2018-07-16,148.59,149.33,145.7,146.8,0.267
2018-07-17,146.81,148.41,145.65,148.22,0.326
2018-07-18,147.85,150.0,147.65,149.09,0.59
2018-07-19,148.96,149.76,147.69,148.95,0.307
2018-07-20,148.66,148.69,145.7,145.96,0.18
2018-07-23,145.62,146.63,144.07,146.16,0.354
2018-07-24,146.94,147.48,143.28,144.06,0.213
2018-07-25,144.07,145.85,143.02,145.4,0.22
2018-07-26,145.21,146.86,142.2,145.91,0.134
2018-07-27,146.55,147.3,139.4,140.53,0.32
2018-07-30,140.57,142.0,136.5,136.77,0.46
2018-07-31,136.66,140.26,136.16,137.93,0.366
2018-08-01,137.4,140.44,137.4,138.83,0.457
2018-08-02,136.63,142.19,136.63,142.04,0.331
2018-08-03,142.29,144.46,140.28,142.24,0.267
2018-08-06,142.25,143.95,141.07,142.15,0.585
2018-08-07,154.0,167.24,152.77,166.62,1.704
2018-08-08,165.78,167.61,156.84,157.38,0.886
2018-08-09,158.17,165.04,157.54,161.94,0.552
2018-08-10,161.19,164.44,160.33,161.26,0.306
2018-08-13,161.93,164.65,160.41,161.94,0.484
2018-08-14,163.0,166.86,157.01,164.0,0.524
2018-08-15,163.06,163.47,160.19,162.46,0.414
2018-08-16,164.5,164.5,161.47,161.89,0.319
2018-08-17,160.88,164.39,160.88,163.57,0.305
2018-08-20,164.7,166.39,163.53,165.72,0.304
2018-08-21,165.85,169.38,165.11,168.88,0.341
2018-08-22,168.86,171.23,167.76,169.22,0.441
2018-08-23,168.64,170.57,168.14,169.01,0.316
2018-08-24,169.83,171.15,168.26,168.91,0.21
2018-08-27,169.41,171.26,168.38,170.07,0.233
2018-08-28,170.76,170.92,168.37,169.98,0.351
2018-08-29,170.17,171.67,169.66,170.87,0.288
2018-08-30,170.96,171.68,169.66,170.3,0.318
2018-08-31,170.26,172.04,169.43,171.74,0.197
2018-09-04,171.31,172.73,168.54,169.96,0.246
2018-09-05,169.62,169.7,165.14,167.17,0.167
2018-09-06,167.64,168.57,165.13,166.98,0.22
2018-09-07,166.73,168.69,165.96,167.83,0.284
2018-09-10,167.94,170.32,166.85,170.05,0.328
2018-09-11,168.98,172.89,168.1,171.48,0.237
2018-09-12,172.1,175.26,171.77,174.69,0.27
2018-09-13,175.08,177.56,174.29,176.31,0.255
2018-09-14,178.01,179.47,175.65,178.7,0.516
2018-09-17,178.03,179.32,174.88,175.65,0.309
2018-09-18,176.35,178.15,174.92,176.26,0.35
2018-09-19,176.41,177.53,171.48,172.7,0.36
2018-09-20,173.93,175.19,172.21,174.78,0.343
2018-09-21,175.3,178.14,174.93,175.2,0.488
2018-09-24,174.25,175.87,172.33,174.15,0.212
2018-09-25,174.66,176.19,171.55,176.08,0.383
2018-09-26,177.51,177.6,175.14,175.36,0.36
2018-09-27,176.04,179.08,175.36,178.24,0.44
2018-09-28,177.42,178.88,176.56,176.83,0.32
2018-10-01,177.72,177.8,172.92,173.2,0.318
2018-10-02,173.45,174.28,167.86,168.99,0.338
2018-10-03,169.96,171.13,167.75,169.41,0.378
2018-10-04,169.07,169.26,162.62,165.2,0.332
2018-10-05,165.47,167.09,160.18,162.23,0.294
2018-10-08,161.25,164.06,155.9,158.5,0.496
2018-10-09,158.43,161.29,155.37,157.38,0.458
2018-10-10,156.34,157.76,149.1,149.58,0.859
2018-10-11,148.87,153.5,147.89,151.0,0.49
2018-10-12,154.99,158.55,151.76,157.71,0.944
2018-10-15,156.99,161.92,155.21,160.8,0.771
2018-10-16,162.07,168.85,160.0,168.37,0.504
2018-10-17,168.38,169.34,166.11,169.06,0.326
2018-10-18,168.79,169.87,166.43,168.49,0.421
2018-10-19,170.02,170.72,163.65,164.95,0.398
2018-10-22,165.07,169.63,164.0,168.18,0.638
2018-10-23,165.29,167.69,160.91,166.7,0.343
2018-10-24,166.64,168.45,159.39,159.74,0.788
2018-10-25,160.78,163.8,159.43,162.9,0.399
2018-10-26,159.26,163.64,157.21,160.6,0.279
2018-10-29,163.01,165.13,152.81,155.48,0.461
2018-10-30,157.2,163.68,154.6,163.42,0.404
2018-10-31,165.98,171.42,165.94,166.3,0.387
2018-11-01,167.62,169.84,165.85,169.0,0.521
2018-11-02,169.3,171.56,166.77,168.06,0.433
2018-11-05,168.13,168.63,165.71,168.0,0.519
2018-11-06,179.54,184.75,167.34,178.74,1.239
2018-11-07,182.24,182.24,174.02,180.24,0.679
2018-11-08,178.19,184.71,177.01,182.48,0.629
2018-11-09,182.0,183.35,179.63,181.5,0.421
2018-11-12,180.61,181.66,174.93,177.43,0.416
2018-11-13,178.68,180.54,175.48,176.87,0.447
2018-11-14,178.0,179.51,172.46,173.26,0.332
2018-11-15,172.01,180.28,171.19,178.91,0.766
2018-11-16,179.35,183.46,177.59,180.7,0.682
2018-11-19,180.86,181.02,168.62,169.41,0.427
2018-11-20,166.29,168.0,160.51,162.29,0.556
2018-11-21,165.89,167.77,162.41,164.34,0.329
2018-11-23,162.46,167.3,162.46,165.0,0.081
2018-11-26,167.66,169.28,166.33,169.04,0.201
2018-11-27,168.07,169.59,166.46,168.58,0.281
2018-11-28,169.88,178.57,169.87,178.11,0.361
2018-11-29,180.24,180.78,176.74,177.92,0.375
2018-11-30,177.88,180.22,176.8,179.8,0.435
2018-12-03,183.55,183.55,176.47,181.37,0.58
2018-12-04,181.2,182.65,170.5,171.02,0.607
2018-12-06,168.05,172.75,165.33,172.58,0.27
2018-12-07,172.23,177.07,163.18,165.34,0.416
2018-12-10,165.34,169.21,163.71,167.87,0.335
2018-12-11,171.92,172.44,168.7,169.97,0.371
2018-12-12,173.23,176.19,172.18,173.51,0.379
2018-12-13,174.76,175.24,170.82,172.79,0.26
2018-12-14,170.61,173.11,170.26,171.89,0.397
2018-12-17,171.67,171.67,158.32,158.97,0.807
2018-12-18,161.29,166.59,161.01,162.93,0.766
2018-12-19,163.91,166.76,158.4,159.04,0.764
2018-12-20,158.3,160.97,147.56,150.99,0.615
2018-12-21,151.41,154.03,146.04,146.25,0.939
2018-12-24,143.71,148.22,140.95,142.9,0.363
2018-12-26,145.07,152.76,143.53,152.52,0.327
2018-12-27,149.11,155.36,148.04,155.35,0.504
2018-12-28,156.98,159.5,153.44,155.97,0.345
2018-12-31,157.07,159.33,155.98,159.23,0.409
2019-01-02,155.99,157.46,152.27,156.24,0.348
2019-01-03,153.85,153.85,146.52,146.88,0.515
2019-01-04,150.51,154.49,149.65,152.97,0.723
2019-01-07,153.52,156.64,152.01,155.29,1.1
2019-01-08,157.35,159.0,152.13,156.33,0.838
2019-01-09,157.79,161.6,156.79,160.21,0.541
2019-01-10,157.5,160.69,157.3,160.35,0.37
2019-01-11,160.15,164.19,159.02,163.2,0.416
2019-01-14,162.48,164.33,160.61,163.61,0.432
2019-01-15,163.85,166.96,163.62,166.4,0.428
2019-01-16,166.65,169.38,166.17,168.73,0.435
2019-01-17,167.82,177.0,167.82,175.59,0.657
2019-01-18,176.84,179.81,175.74,177.79,0.363
2019-01-22,176.56,177.59,171.13,173.01,0.451
2019-01-23,174.14,176.57,172.02,173.15,0.325
2019-01-24,173.44,175.24,172.97,174.64,0.39
2019-01-25,176.16,177.73,175.27,175.86,0.392
2019-01-28,173.54,175.28,171.75,172.24,0.391
2019-01-29,172.21,174.03,170.53,170.71,0.347
2019-01-30,172.72,173.08,168.47,171.36,0.379
2019-01-31,171.05,174.4,170.0,173.6,0.389
2019-02-01,174.21,176.64,173.85,175.06,0.574
2019-02-04,175.26,176.88,175.26,176.55,0.281
2019-02-05,177.55,178.97,176.32,178.87,0.38
2019-02-06,179.17,182.32,179.17,180.76,0.414
2019-02-07,179.29,179.81,175.01,176.79,0.26
2019-02-08,175.38,178.0,174.99,176.4,0.346
2019-02-11,176.39,179.02,176.39,178.38,0.333
2019-02-12,180.04,183.92,179.9,182.96,0.366
2019-02-13,183.39,184.72,182.35,183.97,0.61
2019-02-14,185.88,203.01,185.88,196.47,2.75
2019-02-15,198.65,200.1,194.55,199.75,0.782
2019-02-19,200.44,203.95,198.47,199.32,0.674
2019-02-20,198.78,200.27,197.52,199.85,0.38
2019-02-21,199.92,200.37,197.92,199.82,0.333
2019-02-22,200.64,206.65,199.65,206.35,0.539
2019-02-25,207.32,207.88,204.33,204.64,0.508
2019-02-26,203.51,204.57,201.19,202.98,0.374
2019-02-27,202.66,203.5,200.13,202.48,0.34
2019-02-28,202.2,202.61,200.31,200.51,0.343
2019-03-01,203.16,204.55,200.29,202.21,0.289
2019-03-04,202.97,203.05,196.01,201.73,0.478
2019-03-05,202.0,203.12,199.62,201.64,0.316
2019-03-06,202.52,203.46,200.28,201.24,0.218
2019-03-07,201.72,203.93,199.23,201.99,0.308
2019-03-08,199.92,202.37,199.35,201.9,0.375
2019-03-11,203.52,209.63,203.52,209.45,0.494
2019-03-12,210.55,211.93,207.82,210.72,0.399
2019-03-13,211.8,212.94,210.7,211.53,0.57
2019-03-14,212.48,213.17,211.01,212.67,0.424
2019-03-15,213.24,216.78,210.84,211.4,0.496
2019-03-18,207.49,214.08,204.34,213.21,0.4
2019-03-19,214.23,215.96,213.24,213.68,0.363
2019-03-20,213.04,216.19,211.79,214.59,0.541
2019-03-21,214.25,219.39,214.25,218.3,0.259
2019-03-22,218.02,218.75,207.0,207.24,0.534
2019-03-25,207.12,208.61,203.3,204.97,0.551
2019-03-26,207.0,209.49,206.38,208.95,0.476
2019-03-27,208.96,209.81,203.53,206.76,0.403
2019-03-28,207.26,209.45,205.0,208.46,0.29
2019-03-29,211.09,211.99,208.03,209.53,0.339
2019-04-01,211.24,213.47,209.5,211.91,0.246
2019-04-02,212.23,214.7,209.83,213.62,0.339
2019-04-03,215.33,218.59,214.44,215.04,0.309
2019-04-04,215.77,217.43,212.76,214.01,0.327
2019-04-05,214.7,219.66,214.68,218.33,0.41
2019-04-08,217.02,221.83,213.98,221.44,0.449
2019-04-09,221.44,223.63,219.5,220.12,0.344
2019-04-10,221.04,226.43,221.04,225.61,0.525
2019-04-11,225.8,226.99,224.37,226.7,0.341
2019-04-12,228.14,234.0,228.14,233.74,0.586
2019-04-15,233.22,234.53,230.9,231.28,0.603
2019-04-16,232.55,234.95,231.34,234.21,0.326
2019-04-17,235.4,235.98,230.01,232.22,0.354
2019-04-18,231.8,233.79,228.71,232.68,0.313
2019-04-22,231.51,232.91,229.7,230.51,0.351
2019-04-23,231.37,233.54,229.06,233.44,0.571
2019-04-24,233.3,237.15,231.01,235.44,0.481
2019-04-25,235.35,235.4,229.43,231.41,0.433
2019-04-26,231.0,231.59,227.84,229.18,0.423
2019-04-29,228.8,230.09,225.84,226.91,0.751
2019-04-30,225.91,226.34,210.03,211.14,1.302
2019-05-01,212.26,214.4,204.22,205.12,1.097
2019-05-02,206.14,207.97,202.51,205.94,0.654
2019-05-03,206.54,208.48,204.55,206.46,0.506
2019-05-06,201.19,206.5,199.34,206.36,0.772
2019-05-07,203.51,206.28,196.93,200.82,0.648
2019-05-08,200.44,203.28,198.7,200.05,0.392
2019-05-09,197.88,199.96,191.64,195.54,0.722
2019-05-10,194.55,197.25,192.62,195.89,0.669
2019-05-13,190.0,190.83,180.98,181.01,1.2
2019-05-14,182.37,189.02,181.25,186.72,0.992
2019-05-15,185.48,187.31,184.29,185.18,0.48
2019-05-16,186.03,191.84,185.5,190.02,0.957
2019-05-17,188.0,188.0,178.88,179.12,0.836
2019-05-20,177.64,177.71,171.69,173.27,0.971
2019-05-21,175.38,178.47,174.67,178.09,0.821
2019-05-22,173.65,178.81,173.65,174.53,0.632
2019-05-23,171.34,173.18,169.29,171.67,0.734
2019-05-24,172.76,175.73,172.52,175.68,0.926
2019-05-28,177.11,178.73,174.1,175.9,3.765
2019-05-29,175.55,176.55,168.03,168.62,0.816
2019-05-30,169.03,170.58,167.01,169.82,0.565
2019-05-31,167.31,172.0,167.27,171.44,0.853
2019-06-03,171.14,173.23,166.15,167.69,0.721
2019-06-04,170.65,177.41,169.71,177.08,0.717
2019-06-05,179.37,182.36,178.68,181.59,1.108
2019-06-06,181.2,182.7,179.81,181.76,0.615
2019-06-07,183.16,188.59,181.92,188.37,0.538
2019-06-10,189.12,195.35,189.12,194.51,0.668
2019-06-11,197.17,197.27,190.76,192.07,0.619
2019-06-12,192.0,194.18,190.26,193.63,0.508
2019-06-13,194.58,194.58,191.33,194.0,0.482
2019-06-14,192.87,193.39,190.15,190.81,0.481
2019-06-17,190.68,193.35,190.15,192.99,0.335
2019-06-18,195.79,202.22,195.22,201.81,0.646
2019-06-19,201.88,204.4,199.53,200.53,0.455
2019-06-20,203.79,203.99,198.71,201.12,0.481
2019-06-21,199.27,200.81,197.76,200.11,0.396
2019-06-24,200.36,202.75,198.6,200.04,0.258
2019-06-25,200.39,200.94,196.06,197.53,0.546
2019-06-26,199.42,204.39,197.69,203.4,0.571
2019-06-27,205.0,210.9,203.7,207.63,0.673
2019-06-28,207.67,210.68,206.02,209.49,0.778
2019-07-01,214.09,214.99,207.6,208.98,0.758
2019-07-02,208.67,213.13,206.56,211.61,0.415
2019-07-03,212.2,218.11,211.65,217.53,0.317
2019-07-05,215.15,218.22,213.34,217.04,0.403
2019-07-08,215.6,215.6,209.87,210.44,0.446
2019-07-09,208.23,212.58,208.08,211.72,0.386
2019-07-10,212.55,212.73,210.55,211.96,0.3
2019-07-11,210.94,210.94,186.69,195.01,2.208
2019-07-12,196.7,201.8,195.11,200.44,0.762
2019-07-15,200.98,201.96,196.67,197.35,0.447
2019-07-16,197.95,200.44,196.15,199.32,0.496
2019-07-17,199.11,200.58,196.75,197.86,0.395
2019-07-18,196.97,198.0,177.06,182.69,2.201
2019-07-19,184.19,185.58,180.25,182.15,0.718
2019-07-22,182.84,185.0,181.7,182.24,0.417
2019-07-23,183.77,186.39,181.31,185.05,0.712
2019-07-24,184.42,188.1,183.02,187.94,0.478
2019-07-25,187.6,190.17,185.98,187.87,0.5
2019-07-26,189.27,192.62,189.27,189.65,0.489
2019-07-29,190.25,191.9,187.29,189.42,0.7
2019-07-30,206.45,220.46,205.0,218.2,1.434
2019-07-31,215.56,219.36,210.85,210.89,0.676
2019-08-01,211.71,216.22,200.7,204.26,0.708
2019-08-02,201.93,203.99,195.23,198.93,0.365
2019-08-05,192.11,200.55,190.37,199.67,0.623
2019-08-06,201.15,205.74,199.95,205.23,0.468
2019-08-07,202.25,205.55,199.65,203.95,0.448
2019-08-08,206.51,212.36,206.06,211.94,0.724
2019-08-09,209.8,210.07,203.66,205.61,0.324
2019-08-12,203.13,205.17,201.2,201.87,0.293
2019-08-13,201.11,209.29,200.69,208.26,0.432
2019-08-14,203.38,204.88,197.03,200.12,0.382
2019-08-15,200.6,201.74,196.1,197.72,0.242
2019-08-16,200.07,204.25,199.81,203.5,0.344
2019-08-19,207.67,209.0,205.1,205.18,0.302
2019-08-20,204.71,204.71,201.18,201.44,0.423
2019-08-21,204.66,206.61,202.56,205.79,0.479
2019-08-22,205.99,207.51,200.73,204.38,0.264
2019-08-23,201.22,204.29,197.59,198.49,0.327
2019-08-26,202.03,203.0,195.9,198.41,0.303
2019-08-27,202.3,202.3,196.51,198.59,0.464
2019-08-28,198.09,203.24,196.5,202.86,0.357
2019-08-29,206.46,209.19,204.0,208.49,0.342
2019-08-30,209.02,210.0,203.39,205.03,0.343
2019-09-03,201.61,202.51,196.5,198.98,0.413
2019-09-04,202.27,204.09,200.2,200.6,0.275
2019-09-05,202.94,207.15,202.25,205.85,0.367
2019-09-06,205.17,207.51,201.85,202.73,0.294
2019-09-09,203.45,205.32,195.51,196.81,0.447
2019-09-10,195.96,196.87,191.14,192.64,0.5
2019-09-11,194.05,199.07,193.54,197.42,0.308
2019-09-12,198.5,201.74,194.94,197.28,0.317
2019-09-13,197.46,205.95,197.46,205.16,0.61
2019-09-16,204.28,204.63,198.51,202.78,0.419
2019-09-17,202.73,211.1,201.05,211.0,0.488
2019-09-18,210.39,212.21,205.25,209.2,0.304
2019-09-19,210.5,213.0,207.79,207.95,0.306
2019-09-20,207.84,209.33,202.79,203.68,0.535
2019-09-23,202.76,207.8,202.01,205.4,0.266
2019-09-24,205.86,208.85,202.22,203.98,0.338
2019-09-25,203.59,208.6,203.02,207.95,0.33
2019-09-26,208.06,209.29,205.27,208.27,0.204
2019-09-27,208.94,210.0,201.63,202.18,0.234
2019-09-30,202.63,207.35,202.47,206.37,0.241
2019-10-01,207.61,209.92,199.25,199.54,0.301
2019-10-02,198.94,200.89,194.75,199.51,0.299
2019-10-03,198.53,201.52,195.38,200.85,0.174
2019-10-04,201.54,204.68,200.06,204.49,0.156
2019-10-07,202.53,205.05,201.56,202.73,0.17
2019-10-08,200.77,202.3,196.61,198.09,0.299
2019-10-09,196.45,196.65,188.8,191.63,0.567
2019-10-10,192.61,193.81,190.43,190.86,0.47
2019-10-11,193.54,198.44,192.99,194.6,0.453
2019-10-14,194.2,194.52,192.67,193.58,0.292
2019-10-15,194.72,203.27,194.0,202.15,0.539
2019-10-16,201.0,202.53,197.0,198.33,0.346
2019-10-17,199.81,205.87,198.54,205.73,0.446
2019-10-18,204.74,205.7,201.94,203.06,0.3
2019-10-21,204.92,208.12,203.19,205.78,0.243
2019-10-22,206.21,207.4,202.75,203.29,0.263
2019-10-23,202.78,207.27,201.24,206.89,0.336
2019-10-24,207.73,211.83,205.06,211.08,0.426
2019-10-25,211.76,219.4,211.08,219.08,0.554
2019-10-28,220.0,224.9,220.0,222.83,0.868
2019-10-29,223.21,241.76,222.42,237.64,1.181
2019-10-30,237.64,240.57,236.0,238.87,0.717
2019-10-31,239.92,240.5,236.42,237.87,0.48
2019-11-01,238.0,241.5,237.06,238.0,0.454
2019-11-04,240.48,248.83,239.19,248.35,0.832
2019-11-05,245.86,248.65,238.66,241.32,0.604
2019-11-06,241.86,244.59,238.18,242.73,0.41
2019-11-07,244.1,245.99,239.36,240.46,0.377
2019-11-08,240.28,242.99,237.21,241.86,0.224
2019-11-11,240.14,242.89,239.42,242.73,0.425
2019-11-12,242.76,245.66,241.6,244.38,0.304
2019-11-13,243.99,245.18,242.06,242.54,0.231
2019-11-14,241.75,241.75,236.06,237.45,0.58
2019-11-15,239.61,240.19,236.71,237.73,0.547
2019-11-18,237.2,239.22,234.05,234.51,0.414
2019-11-19,237.4,237.7,233.34,235.91,0.389
2019-11-20,236.07,245.39,236.0,242.46,0.838
2019-11-21,242.09,244.08,238.23,242.62,0.522
2019-11-22,243.07,244.18,240.22,243.57,0.475
2019-11-25,245.07,250.78,243.61,248.94,0.417
2019-11-26,248.78,249.49,246.16,247.7,0.473
2019-11-27,249.25,255.39,248.83,255.21,0.394
2019-11-29,255.38,255.95,250.8,250.94,0.212
2019-12-02,251.85,253.16,247.0,250.42,0.306
2019-12-03,245.87,250.84,244.0,250.11,0.288
2019-12-04,251.0,254.98,250.8,253.21,0.368
2019-12-05,254.35,254.52,250.85,251.62,0.356
2019-12-06,254.69,257.6,253.99,256.92,0.461
2019-12-09,255.48,257.53,253.78,253.79,0.372
2019-12-10,253.49,257.28,253.12,256.81,0.297
2019-12-11,257.3,257.83,255.73,256.82,0.374
2019-12-12,256.05,259.39,255.05,258.28,0.373
2019-12-13,257.85,259.71,256.29,257.8,0.323
2019-12-16,254.5,260.3,253.87,255.45,1.05
2019-12-17,256.5,256.5,251.51,253.44,0.602
2019-12-18,253.43,257.1,249.26,255.43,0.734
2019-12-19,254.21,256.6,250.01,253.13,0.795
2019-12-20,253.4,257.41,248.9,252.49,11.579
2019-12-23,254.08,260.16,252.96,256.73,0.812
2019-12-24,257.05,257.18,253.92,254.33,0.164
2019-12-26,255.8,257.0,253.0,254.42,0.255
2019-12-27,256.31,257.94,253.38,256.0,0.214
2019-12-30,256.0,256.71,253.73,254.11,0.339
2019-12-31,253.9,256.47,253.9,255.44,0.364
2020-01-02,259.03,260.4,255.17,259.14,0.388
2020-01-03,256.1,258.65,254.88,256.05,0.305
2020-01-06,252.62,258.01,252.62,258.01,0.323
2020-01-07,257.5,258.74,256.08,256.47,0.236
2020-01-08,251.28,253.48,247.25,247.64,0.69
2020-01-09,249.16,250.06,246.19,246.5,0.766
2020-01-10,248.08,248.08,243.29,246.27,0.624
2020-01-13,247.24,248.92,244.43,248.58,0.479
2020-01-14,248.78,249.1,245.92,248.07,0.417
2020-01-15,247.39,249.66,245.52,247.8,0.331
2020-01-16,249.05,254.0,247.04,253.93,0.434
2020-01-17,252.75,254.27,250.86,252.74,0.399
2020-01-21,254.1,257.71,251.71,252.42,0.561
2020-01-22,254.34,257.47,253.6,253.75,0.414
2020-01-23,253.9,256.13,251.53,254.36,0.359
2020-01-24,256.27,256.99,251.57,252.7,0.224
2020-01-27,247.31,250.0,242.57,243.23,0.426
2020-01-28,245.08,249.46,245.08,247.98,0.341
2020-01-29,247.55,251.69,247.55,250.17,0.32
2020-01-30,247.7,249.7,243.34,246.32,0.247
2020-01-31,245.5,246.28,238.86,239.02,0.336
2020-02-03,240.85,246.08,240.85,242.55,0.262
2020-02-04,247.33,251.2,247.33,247.87,0.251
2020-02-05,251.18,251.18,246.47,247.81,0.244
2020-02-06,248.82,252.85,248.3,252.09,0.408
2020-02-07,249.97,249.97,245.45,247.26,0.386
2020-02-10,245.11,248.99,245.11,248.55,0.216
2020-02-11,249.86,254.69,247.28,247.81,0.219
2020-02-12,249.29,252.27,246.41,251.99,0.378
2020-02-13,232.0,237.75,226.18,233.32,1.784
2020-02-14,238.59,241.85,235.1,238.77,0.922
2020-02-18,239.14,239.66,232.7,236.66,0.522
2020-02-19,238.43,242.54,236.86,240.5,0.423
2020-02-20,240.61,243.34,237.39,242.72,0.443
2020-02-21,241.4,242.08,235.12,238.39,0.501
2020-02-24,229.99,232.68,227.4,227.4,0.573
2020-02-25,230.45,231.65,219.57,220.0,0.545
2020-02-26,222.16,225.06,216.9,217.81,0.55
2020-02-27,212.11,217.95,206.49,213.93,1.021
2020-02-28,206.71,211.82,204.73,210.97,0.945
2020-03-02,212.67,221.87,210.34,221.71,0.603
2020-03-03,220.27,227.11,208.34,209.31,0.95
2020-03-04,211.93,216.09,205.52,216.04,0.559
2020-03-05,209.5,212.73,200.81,203.76,0.565
2020-03-06,197.88,204.19,195.93,202.74,0.647
2020-03-09,188.4,190.94,183.89,185.26,0.77
2020-03-10,192.22,202.5,189.15,202.19,0.91
2020-03-11,196.3,199.67,187.69,191.3,0.517
2020-03-12,177.23,178.97,161.42,161.51,1.028
2020-03-13,174.51,184.1,163.45,184.02,0.659
2020-03-16,155.0,172.18,150.06,166.08,0.8
2020-03-17,170.2,182.74,167.33,180.66,0.564
2020-03-18,167.74,186.94,166.34,185.47,0.803
2020-03-19,181.86,186.22,169.3,185.07,1.202
2020-03-20,186.07,189.86,177.08,179.38,1.702
2020-03-23,179.85,181.95,163.44,170.72,1.176
2020-03-24,180.09,181.8,167.17,180.55,0.813
2020-03-25,180.03,195.19,175.6,186.23,0.505
2020-03-26,187.83,197.92,185.96,197.51,0.505
2020-03-27,192.71,192.71,180.63,184.57,0.391
2020-03-30,186.21,190.36,180.68,188.35,0.324
2020-03-31,186.79,189.49,182.1,183.6,0.521
2020-04-01,177.56,179.13,174.02,176.46,0.606
2020-04-02,173.87,179.75,170.63,174.24,0.6
2020-04-03,173.02,179.76,172.01,178.08,0.599
2020-04-06,184.78,193.6,184.51,191.85,0.306
2020-04-07,199.7,200.38,191.61,192.36,0.414
2020-04-08,195.74,198.96,192.23,196.65,0.252
2020-04-09,198.83,202.49,197.17,201.22,0.529
2020-04-13,201.02,202.6,195.0,197.91,0.332
2020-04-14,204.37,210.28,200.15,206.88,0.359
2020-04-15,202.34,202.98,196.24,196.81,0.389
2020-04-16,199.71,202.79,196.72,201.6,0.388
2020-04-17,204.67,208.61,201.42,202.98,0.382
2020-04-20,201.45,207.4,201.0,202.35,0.382
2020-04-21,197.89,199.46,192.42,192.85,0.379
2020-04-22,198.19,200.42,194.17,199.41,0.499
2020-04-23,200.36,207.87,200.36,200.97,0.437
2020-04-24,202.34,208.8,200.68,208.62,0.418
2020-04-27,210.46,223.66,209.91,220.93,0.56
2020-04-28,235.55,238.23,227.08,228.48,0.916
2020-04-29,232.49,248.21,231.51,244.97,0.641
2020-04-30,229.13,236.77,225.0,229.66,0.578
2020-05-01,225.48,227.0,222.6,225.55,0.35
2020-05-04,223.14,228.77,220.16,228.77,0.347
2020-05-05,229.73,235.75,229.73,233.15,0.35
2020-05-06,232.98,235.54,231.3,232.42,0.219
2020-05-07,235.0,237.31,231.66,233.86,0.276
2020-05-08,236.0,243.33,235.27,242.92,0.27
2020-05-11,237.13,239.92,234.38,235.26,0.339
2020-05-12,236.86,238.88,230.07,230.2,0.299
2020-05-13,230.92,231.56,220.52,223.08,0.446
2020-05-14,219.49,222.13,215.52,221.77,0.457
2020-05-15,219.35,220.76,216.65,217.8,0.383
2020-05-18,226.5,237.34,223.86,235.8,0.571
2020-05-19,236.11,243.93,235.78,240.55,0.49
2020-05-20,242.0,243.17,239.99,241.49,0.37
2020-05-21,242.09,246.35,241.01,244.15,0.287
2020-05-22,243.75,245.55,240.46,243.54,0.302
2020-05-26,250.0,259.35,246.69,255.96,0.559
2020-05-27,257.29,261.24,254.12,258.67,0.502
2020-05-28,258.24,263.69,256.92,257.42,0.334
2020-05-29,257.86,261.99,254.1,261.32,0.491
2020-06-01,259.33,266.22,258.02,264.97,0.294
2020-06-02,265.94,267.08,261.66,264.09,0.266
2020-06-03,267.48,272.0,265.04,269.02,0.334
2020-06-04,266.97,267.36,259.26,261.17,0.345
2020-06-05,265.17,278.55,263.89,277.55,0.438
2020-06-08,273.59,278.6,271.99,277.06,0.284
2020-06-09,273.28,275.55,269.97,270.32,0.316
2020-06-10,270.46,271.18,266.83,267.08,0.232
2020-06-11,259.83,260.8,249.62,250.19,0.349
2020-06-12,258.99,260.08,253.06,258.33,0.305
2020-06-15,251.63,259.48,249.1,259.41,0.307
2020-06-16,267.09,269.67,261.0,266.46,0.244
2020-06-17,266.09,267.52,260.25,260.82,0.236
2020-06-18,260.29,263.33,257.81,262.23,0.188
2020-06-19,268.08,268.08,253.46,264.41,0.987
2020-06-22,262.44,265.14,259.14,261.79,0.307
2020-06-23,266.15,266.15,260.29,260.77,0.293
2020-06-24,259.84,260.21,246.6,250.5,0.37
2020-06-25,248.99,253.93,247.62,253.64,0.232
2020-06-26,253.5,256.78,244.6,246.42,0.814
2020-06-29,246.96,253.32,244.32,252.05,0.238
2020-06-30,252.75,258.06,251.65,255.95,0.344
2020-07-01,256.47,256.93,250.95,251.23,0.224
2020-07-02,256.49,259.73,254.36,255.04,0.229
2020-07-06,260.0,263.85,258.02,261.63,0.286
2020-07-07,260.84,261.9,253.82,254.26,0.281
2020-07-08,254.04,257.23,253.56,257.21,0.279
2020-07-09,260.9,264.58,258.03,262.01,0.325
2020-07-10,264.11,264.11,255.32,260.67,0.261
2020-07-13,264.91,265.3,255.07,255.5,0.212
2020-07-14,257.08,266.79,256.69,266.47,0.314
2020-07-15,272.22,273.23,264.07,268.16,0.272
2020-07-16,267.47,269.12,264.68,267.66,0.287
2020-07-17,269.1,274.54,269.1,273.1,0.258
2020-07-20,274.52,276.72,271.09,276.36,0.251
2020-07-21,277.19,279.99,272.33,273.28,0.256
2020-07-22,272.75,278.8,272.75,277.0,0.244
2020-07-23,275.51,277.64,272.72,275.71,0.261
2020-07-24,272.0,273.27,267.3,269.98,0.423
2020-07-27,270.96,275.32,270.13,273.34,0.348
2020-07-28,287.83,287.83,270.53,271.18,0.458
2020-07-29,274.31,278.7,272.61,273.85,0.405
2020-07-30,271.59,275.71,269.79,274.95,0.206
2020-07-31,275.75,281.23,274.39,280.75,0.473
2020-08-03,283.42,283.42,278.41,280.72,0.244
2020-08-04,280.9,285.11,279.56,284.68,0.307
2020-08-05,286.32,289.1,284.03,288.84,0.229
2020-08-06,285.18,288.24,284.0,286.73,0.242
2020-08-07,284.73,285.02,281.26,283.04,0.195
2020-08-10,282.84,283.98,277.62,280.41,0.223
2020-08-11,282.02,284.04,279.68,280.57,0.183
2020-08-12,281.97,284.63,280.32,284.01,0.24
2020-08-13,283.22,285.95,282.37,285.61,0.143
2020-08-14,284.78,286.22,282.9,286.03,0.164
2020-08-17,288.49,291.3,286.0,286.74,0.215
2020-08-18,278.61,285.29,278.61,281.96,0.317
2020-08-19,282.92,285.25,281.4,283.13,0.249
2020-08-20,282.56,282.7,275.29,276.55,0.183
2020-08-21,277.41,277.41,273.67,275.33,0.235
2020-08-24,279.37,284.55,274.36,275.39,0.256
2020-08-25,276.22,281.19,274.45,277.86,0.328
2020-08-26,278.21,286.17,278.01,284.74,0.32
2020-08-27,287.23,287.71,275.53,277.26,0.267
2020-08-28,278.3,280.5,277.7,280.16,0.26
2020-08-31,281.29,287.15,281.05,286.53,0.341
2020-09-01,287.3,287.47,283.91,287.16,0.255
2020-09-02,289.16,295.52,286.1,294.36,0.36
2020-09-03,291.16,291.16,267.24,269.25,0.417
2020-09-04,268.85,271.29,257.31,260.55,0.355
2020-09-08,254.55,255.61,247.7,249.26,0.557
2020-09-09,260.28,262.55,253.74,255.11,0.52
2020-09-10,255.0,257.9,248.72,249.44,0.536
2020-09-11,252.58,253.22,249.51,249.96,0.226
2020-09-14,253.43,255.58,249.03,251.26,0.303
2020-09-15,254.18,259.37,253.12,257.46,0.252
2020-09-16,260.1,260.2,253.35,254.15,0.277
2020-09-17,250.73,256.38,249.4,256.18,0.29
2020-09-18,255.95,260.69,253.82,256.15,0.538
2020-09-21,251.02,255.96,247.47,248.73,0.37
2020-09-22,251.0,252.86,246.83,252.28,0.389
2020-09-23,253.86,254.99,249.4,249.58,0.308
2020-09-24,247.31,252.72,247.31,250.67,0.216
2020-09-25,251.91,258.7,250.05,257.46,0.251
2020-09-28,261.06,264.02,259.05,260.56,0.273
2020-09-29,262.21,263.09,257.63,258.92,0.19
2020-09-30,258.07,259.39,250.45,252.46,0.596
2020-10-01,256.81,259.15,254.34,258.48,0.461
2020-10-02,252.52,259.21,252.52,258.81,0.354
2020-10-05,261.09,268.47,260.4,268.01,0.375
2020-10-06,267.14,273.49,267.14,269.97,0.378
2020-10-07,274.01,278.31,272.83,276.58,0.279
2020-10-08,277.73,281.4,277.73,279.09,0.221
2020-10-09,281.63,284.25,280.99,284.0,0.216
2020-10-12,287.24,289.3,286.25,288.25,0.278
2020-10-13,288.83,290.75,286.19,286.73,0.227
2020-10-14,288.65,290.7,281.87,284.77,0.346
2020-10-15,280.38,287.33,280.38,287.31,0.204
2020-10-16,289.96,295.37,289.24,293.0,0.219
2020-10-19,292.2,299.36,291.28,291.57,0.348
2020-10-20,293.24,300.0,292.65,294.83,0.211
2020-10-21,295.29,300.33,291.19,291.86,0.233
2020-10-22,293.8,301.33,292.25,300.91,0.322
2020-10-23,303.0,304.57,298.23,303.72,0.294
2020-10-26,299.9,302.33,293.94,295.1,0.251
2020-10-27,295.08,295.08,287.19,289.28,0.352
2020-10-28,284.47,287.39,282.08,285.2,0.3
2020-10-29,284.72,294.01,282.94,291.97,0.263
2020-10-30,290.0,290.97,281.02,283.64,0.304
2020-11-02,289.41,294.97,287.49,293.07,0.511
2020-11-03,314.9,322.9,305.56,319.22,0.572
2020-11-04,320.42,329.66,317.15,329.18,0.423
2020-11-05,333.83,343.83,332.86,340.12,0.399
2020-11-06,340.18,348.44,338.59,346.43,0.37
2020-11-09,356.99,362.58,352.47,352.71,0.49
2020-11-10,352.55,356.61,341.18,345.02,0.553
2020-11-11,348.67,356.73,345.62,356.27,0.297
2020-11-12,353.67,354.29,339.77,340.78,0.317
2020-11-13,344.35,347.73,341.68,345.86,0.229
2020-11-16,347.94,348.42,342.09,345.98,0.293
2020-11-17,341.77,342.54,338.5,340.79,0.323
2020-11-18,343.12,343.94,337.57,337.58,0.211
2020-11-19,336.01,367.66,333.06,358.39,1.19
2020-11-20,363.42,363.42,354.16,354.99,0.694
2020-11-23,367.1,368.79,358.55,362.69,0.59
2020-11-24,368.83,378.82,362.36,373.47,0.567
2020-11-25,375.69,379.91,369.29,372.73,0.345
2020-11-27,377.02,381.21,375.12,377.0,0.206
2020-11-30,378.48,380.22,369.01,378.42,0.603
2020-12-01,381.63,382.71,370.83,372.17,0.404
2020-12-02,370.71,373.01,364.57,367.21,0.386
2020-12-03,368.0,374.71,366.02,372.37,0.264
2020-12-04,376.02,380.95,375.0,378.47,0.256
2020-12-07,378.28,379.85,372.51,373.83,0.321
2020-12-08,373.63,377.25,371.27,375.84,0.208
2020-12-09,377.9,382.96,374.4,376.87,0.215
2020-12-10,372.81,378.94,369.29,375.14,0.292
2020-12-11,372.78,378.6,370.34,377.56,0.162
2020-12-14,379.84,386.74,379.84,383.46,0.309
2020-12-15,388.07,388.92,380.0,383.45,0.312
2020-12-16,382.11,383.04,375.23,377.41,0.474
2020-12-17,378.0,380.13,372.21,375.43,0.82
2020-12-18,377.43,378.5,369.2,373.0,0.9
2020-12-21,366.0,376.73,363.0,375.91,0.506
2020-12-22,377.5,387.28,375.66,379.96,0.475
2020-12-23,382.61,384.6,377.44,379.74,0.191
2020-12-24,382.28,382.28,371.4,376.89,0.138
2020-12-28,380.47,384.0,375.74,382.59,0.251
2020-12-29,384.69,385.41,376.4,378.04,0.186
2020-12-30,380.69,385.76,379.35,383.75,0.166
2020-12-31,383.72,385.49,380.46,384.33,0.176
2021-01-04,385.75,387.0,372.46,378.13,0.433
2021-01-05,376.51,381.81,374.97,380.57,0.375
2021-01-06,377.22,397.12,377.22,394.82,0.42
2021-01-07,395.9,411.96,395.15,409.1,0.38
2021-01-08,410.0,415.45,404.64,405.47,0.348
2021-01-11,402.12,414.54,400.19,413.79,0.313
2021-01-12,410.67,419.21,403.33,407.95,0.313
2021-01-13,409.2,414.19,406.82,412.45,0.215
2021-01-14,413.62,418.75,411.55,411.98,0.247
2021-01-15,410.74,414.27,406.63,409.22,0.306
2021-01-19,417.1,417.78,403.42,405.84,0.292
2021-01-20,409.47,411.5,405.02,406.55,0.242
2021-01-21,407.51,409.01,402.97,406.2,0.162
2021-01-22,405.4,410.58,403.6,408.84,0.259
2021-01-25,409.23,412.4,400.38,402.63,0.192
2021-01-26,403.18,404.36,394.01,395.16,0.235
2021-01-27,392.99,396.47,380.64,391.36,0.314
2021-01-28,391.05,398.68,390.29,393.03,0.199
2021-01-29,390.31,397.69,382.49,387.83,0.299
2021-02-01,391.67,400.33,388.46,397.33,0.252
2021-02-02,396.38,410.31,396.38,405.19,0.263
2021-02-03,411.0,412.14,401.78,403.69,0.207
2021-02-04,404.47,409.36,403.31,407.34,0.18
2021-02-05,409.27,411.89,405.6,407.11,0.232
2021-02-08,411.96,420.31,410.01,420.31,0.187
2021-02-09,419.52,425.4,418.07,425.27,0.306
2021-02-10,425.88,429.26,422.19,427.47,0.471
2021-02-11,445.53,477.68,441.01,470.08,0.563
2021-02-12,470.46,479.18,464.0,477.74,0.498
2021-02-16,478.12,488.53,474.48,486.01,0.533
2021-02-17,482.48,484.99,469.97,479.58,0.534
2021-02-18,471.86,481.81,471.86,477.65,0.618
2021-02-19,483.92,494.91,480.3,490.94,0.477
2021-02-22,486.25,491.45,483.52,488.31,0.502
2021-02-23,482.6,500.27,480.42,498.02,0.886
2021-02-24,493.73,515.82,493.73,512.69,0.463
2021-02-25,511.31,514.95,488.98,497.62,0.722
2021-02-26,498.63,503.97,489.79,499.43,0.552
2021-03-01,508.31,512.85,501.65,511.48,0.341
2021-03-02,516.79,516.79,498.38,501.62,0.264
2021-03-03,500.27,502.85,489.15,489.55,0.653
2021-03-04,485.97,499.32,476.73,479.64,0.855
2021-03-05,484.81,486.11,454.16,478.15,0.533
2021-03-08,478.14,478.66,460.56,460.64,0.336
2021-03-09,468.62,477.56,465.78,468.35,0.454
2021-03-10,476.34,476.55,467.43,470.51,0.32
2021-03-11,476.88,483.9,473.93,480.75,0.272
2021-03-12,477.5,477.5,464.8,472.85,0.376
2021-03-15,473.38,478.81,470.63,478.11,0.276
2021-03-16,481.19,482.2,471.01,473.9,0.238
2021-03-17,474.42,476.01,467.94,473.28,0.484
2021-03-18,471.82,473.85,460.31,461.11,0.505
2021-03-19,462.59,465.54,454.2,459.95,0.747
2021-03-22,459.63,468.25,459.16,463.77,0.486
2021-03-23,475.81,478.9,458.75,462.65,0.589
2021-03-24,463.34,469.01,457.04,463.81,0.324
2021-03-25,457.75,464.24,451.68,461.26,0.349
2021-03-26,462.91,477.52,462.82,476.96,0.261
2021-03-29,473.65,476.94,464.15,467.07,0.236
2021-03-30,462.78,477.15,460.82,474.83,0.251
2021-03-31,475.58,488.6,475.58,485.18,0.33
2021-04-01,489.92,494.95,483.29,491.78,0.268
2021-04-05,492.19,496.63,490.06,492.8,0.226
2021-04-06,492.8,493.92,489.01,491.16,0.182
2021-04-07,488.1,493.44,484.33,485.31,0.203
2021-04-08,490.68,503.4,488.93,502.9,0.269
2021-04-09,498.9,508.04,493.53,507.51,0.196
2021-04-12,507.83,508.0,501.15,505.5,0.193
2021-04-13,510.08,511.33,501.55,504.56,0.278
2021-04-14,503.63,508.92,498.35,500.65,0.286
2021-04-15,504.36,509.57,502.56,507.85,0.19
2021-04-16,510.92,515.63,505.36,513.49,0.209
2021-04-19,513.49,518.66,506.79,509.63,0.177
2021-04-20,505.39,511.07,496.71,499.56,0.209
2021-04-21,486.81,493.69,483.69,491.37,0.349
2021-04-22,496.03,496.03,485.75,487.35,0.324
2021-04-23,491.62,498.05,490.01,497.41,0.321
2021-04-26,498.4,503.05,497.47,498.5,0.217
2021-04-27,498.6,502.82,494.48,501.75,0.139
2021-04-28,499.61,503.03,495.0,496.6,0.2
2021-04-29,500.0,502.41,492.59,496.63,0.168
2021-04-30,491.03,494.91,486.31,487.74,0.354
2021-05-03,492.13,492.13,475.09,479.05,0.487
2021-05-04,478.06,480.61,455.71,470.62,0.515
2021-05-05,483.62,485.39,472.36,482.42,0.446
2021-05-06,475.32,478.0,463.0,471.41,0.549
2021-05-07,471.41,489.98,469.61,488.58,0.331
2021-05-10,486.79,489.41,480.45,484.04,0.346
2021-05-11,473.73,487.29,466.69,485.67,0.396
2021-05-12,478.46,484.0,464.15,464.39,0.356
2021-05-13,466.18,477.65,466.18,471.97,0.188
2021-05-14,476.84,487.86,475.73,486.73,0.24
2021-05-17,482.83,486.2,478.0,482.01,0.187
2021-05-18,486.17,487.96,477.18,477.55,0.198
2021-05-19,468.81,484.73,468.81,484.72,0.204
2021-05-20,484.99,495.87,482.37,493.88,0.229
2021-05-21,496.64,501.75,493.84,494.33,0.238
2021-05-24,498.38,503.89,498.0,501.62,0.247
2021-05-25,504.0,508.33,500.42,501.92,0.262
2021-05-26,504.02,506.57,499.7,501.33,0.268
2021-05-27,501.06,507.84,497.35,498.1,0.81
2021-05-28,498.97,501.84,495.15,497.05,0.22
2021-06-01,502.07,507.05,500.31,502.92,0.227
2021-06-02,501.87,506.04,499.72,504.77,0.232
2021-06-03,503.99,509.24,500.16,506.04,0.21
2021-06-04,509.94,517.0,506.98,516.57,0.286
2021-06-07,516.5,517.94,503.96,506.18,0.225
2021-06-08,505.4,508.63,501.88,505.57,0.246
2021-06-09,508.06,508.18,502.17,505.35,0.206
2021-06-10,506.67,511.6,505.8,508.63,0.15
2021-06-11,511.02,511.48,505.81,508.48,0.158
2021-06-14,509.1,511.28,505.49,509.92,0.208
2021-06-15,509.92,509.92,504.32,506.1,0.185
2021-06-16,506.87,513.09,504.4,506.7,0.197
2021-06-17,506.61,509.31,499.01,502.09,0.189
2021-06-18,499.25,500.4,484.34,493.43,0.487
2021-06-21,494.39,504.5,492.68,504.13,0.301
2021-06-22,501.89,507.0,498.93,506.44,0.239
2021-06-23,504.48,506.48,500.0,502.88,0.168
2021-06-24,505.31,511.29,501.5,510.39,0.258
2021-06-25,513.17,514.6,506.47,510.65,0.251
2021-06-28,511.92,529.01,510.56,527.13,0.38
2021-06-29,529.69,536.78,528.29,536.06,0.328
2021-06-30,535.82,538.51,527.59,529.49,0.273
2021-07-01,530.0,533.23,521.02,532.02,0.228
2021-07-02,537.01,541.26,534.14,539.94,0.205
2021-07-06,540.69,545.46,534.29,544.35,0.306
2021-07-07,546.45,547.8,531.02,546.65,0.232
2021-07-08,539.22,546.84,534.0,539.84,0.229
2021-07-09,542.47,548.47,541.23,547.73,0.159
2021-07-12,548.79,549.98,539.04,548.1,0.212
2021-07-13,546.36,546.36,531.94,533.62,0.229
2021-07-14,537.74,539.48,528.4,530.14,0.19
2021-07-15,528.86,531.92,517.91,522.62,0.246
2021-07-16,523.7,525.47,517.91,518.33,0.162
2021-07-19,509.59,514.45,502.63,506.91,0.274
2021-07-20,510.98,524.18,507.27,519.67,0.276
2021-07-21,520.64,534.14,520.64,533.77,0.198
2021-07-22,534.0,537.37,530.01,536.22,0.153
2021-07-23,540.64,548.94,538.21,548.61,0.164
2021-07-26,550.0,553.66,539.43,545.31,0.162
2021-07-27,543.26,544.08,529.21,540.18,0.234
2021-07-28,539.5,547.42,535.93,545.74,0.14
2021-07-29,548.0,554.1,547.0,548.1,0.162
2021-07-30,545.3,554.22,544.6,552.48,0.25
2021-08-02,555.0,558.68,548.84,550.97,0.24
2021-08-03,559.49,559.86,527.54,546.74,0.446
2021-08-04,547.56,566.77,547.0,560.0,0.322
2021-08-05,560.0,570.83,558.02,569.22,0.248
2021-08-06,565.06,566.99,552.51,562.27,0.206
2021-08-09,562.31,566.04,557.96,563.98,0.129
2021-08-10,565.0,567.45,560.6,567.11,0.144
2021-08-11,567.91,572.21,564.09,569.54,0.13
2021-08-12,568.97,570.5,564.27,568.4,0.149
2021-08-13,568.0,571.39,562.21,571.07,0.117
2021-08-16,570.54,576.0,567.04,572.89,0.133
2021-08-17,569.34,569.93,558.42,562.68,0.15
2021-08-18,559.68,568.28,556.87,557.18,0.197
2021-08-19,552.91,565.94,551.09,562.72,0.153
2021-08-20,563.18,572.33,562.27,571.49,0.188
2021-08-23,574.33,581.62,574.33,578.89,0.155
2021-08-24,580.31,583.67,577.59,578.71,0.11
2021-08-25,577.84,584.25,577.84,584.11,0.134
2021-08-26,584.62,584.62,578.53,578.91,0.121
2021-08-27,581.09,588.35,578.8,587.96,0.317
2021-08-30,591.9,594.14,583.91,584.78,0.175
2021-08-31,585.07,588.77,579.21,587.17,0.23
2021-09-01,592.48,592.48,579.47,582.78,0.195
2021-09-02,588.36,591.49,585.61,588.25,0.17
2021-09-03,589.0,594.77,585.56,590.6,0.179
2021-09-07,593.58,593.58,580.4,581.14,0.18
2021-09-08,582.03,584.02,572.9,579.75,0.138
2021-09-09,578.49,585.11,576.02,577.47,0.149
2021-09-10,582.07,586.76,578.57,580.63,0.14
2021-09-13,587.69,587.69,575.0,579.9,0.183
2021-09-14,579.67,582.91,573.56,576.79,0.185
2021-09-15,576.79,585.79,576.02,580.98,0.158
2021-09-16,578.6,588.15,577.84,584.76,0.167
2021-09-17,583.48,584.02,567.17,569.15,0.394
2021-09-20,559.76,561.69,545.25,551.9,0.364
2021-09-21,555.44,556.99,542.03,543.0,0.311
2021-09-22,543.14,551.99,540.94,547.58,0.368
2021-09-23,555.43,560.88,550.78,553.46,0.412
2021-09-24,548.82,560.92,548.82,559.48,0.286
2021-09-27,556.0,558.91,546.09,548.58,0.196
2021-09-28,542.6,543.0,528.43,531.18,0.234
2021-09-29,533.5,535.5,523.08,525.67,0.332
2021-09-30,530.51,532.66,514.99,515.42,0.371
2021-10-01,517.62,517.62,507.43,510.98,0.535
2021-10-04,509.04,510.43,498.81,502.32,0.288
2021-10-05,503.91,514.49,503.15,506.89,0.226
2021-10-06,501.05,507.99,498.15,506.39,0.176
2021-10-07,512.01,513.73,503.79,504.41,0.239
2021-10-08,504.5,505.18,492.63,498.73,0.228
2021-10-11,497.26,501.73,491.99,493.13,0.245
2021-10-12,495.96,501.32,493.15,494.54,0.303
2021-10-13,499.31,501.58,493.99,496.86,0.181
2021-10-14,500.69,511.8,500.54,511.35,0.209
2021-10-15,514.82,517.94,513.32,515.83,0.229
2021-10-18,513.38,527.4,511.52,526.92,0.19
2021-10-19,530.03,534.1,525.22,528.63,0.164
2021-10-20,530.55,530.63,523.22,527.06,0.163
2021-10-21,526.27,535.39,524.79,533.61,0.173
2021-10-22,534.6,543.49,527.55,527.92,0.221
2021-10-25,528.52,533.64,522.18,532.46,0.166
2021-10-26,536.05,536.05,524.92,525.41,0.131
2021-10-27,525.41,530.32,517.12,517.84,0.156
2021-10-28,521.84,532.27,518.6,532.06,0.205
2021-10-29,528.27,534.54,525.86,533.95,0.266
2021-11-01,533.45,544.51,532.8,542.59,0.37
2021-11-02,549.9,593.6,545.56,585.55,0.564
2021-11-03,580.69,580.69,555.15,578.49,0.402
2021-11-04,579.38,605.39,572.82,597.41,0.383
2021-11-05,598.0,610.95,598.0,607.5,0.328
2021-11-08,612.23,614.1,592.88,596.81,0.204
2021-11-09,597.72,602.78,589.65,595.72,0.208
2021-11-10,592.0,593.42,578.84,581.8,0.178
2021-11-11,585.33,589.37,581.71,585.06,0.113
2021-11-12,587.41,592.88,583.49,591.84,0.131
2021-11-15,594.29,597.58,587.04,590.76,0.116
2021-11-16,589.05,605.6,589.05,605.0,0.149
2021-11-17,606.56,609.32,599.1,605.83,0.174
2021-11-18,606.88,609.79,599.33,606.96,0.201
2021-11-19,608.67,608.67,593.68,596.75,0.206
2021-11-22,607.9,612.36,595.82,602.97,0.317
2021-11-23,598.4,605.52,590.67,598.74,0.382
2021-11-24,596.99,599.07,585.15,598.02,0.199
2021-11-26,595.64,607.08,586.53,590.72,0.144
2021-11-29,597.46,609.41,588.22,607.2,0.263
2021-11-30,605.84,614.01,585.75,588.78,0.459
2021-12-01,597.8,604.05,580.46,581.03,0.254
2021-12-02,580.87,599.22,577.32,596.96,0.27
2021-12-03,603.0,605.0,579.46,588.29,0.23
2021-12-06,593.31,593.31,577.53,584.22,0.224
2021-12-07,594.52,610.1,594.52,605.44,0.254
2021-12-08,605.44,608.36,599.07,605.39,0.234
2021-12-09,604.77,612.34,597.05,597.74,0.203
2021-12-10,603.05,615.0,600.55,614.55,0.221
2021-12-13,613.17,614.03,602.35,604.98,0.303
2021-12-14,597.34,599.11,582.56,585.86,0.286
2021-12-15,589.9,599.43,578.9,598.19,0.174
2021-12-16,603.11,603.11,589.18,592.04,0.269
2021-12-17,589.66,599.27,580.74,588.52,0.398
2021-12-20,575.51,582.96,562.94,570.78,0.365
2021-12-21,581.23,583.3,573.25,580.21,0.598
2021-12-22,580.87,582.47,575.16,580.43,0.355
2021-12-23,583.34,586.86,578.68,582.41,0.462
2021-12-27,585.93,607.27,583.23,606.33,0.636
2021-12-28,606.98,609.32,594.1,597.32,0.14
2021-12-29,596.34,603.52,596.34,601.12,0.129
2021-12-30,602.71,605.49,596.16,597.54,0.088
2021-12-31,594.82,598.55,594.17,595.2,0.117
2022-01-03,592.08,599.73,578.49,583.9,0.273
2022-01-04,584.75,589.28,574.31,587.6,0.346
2022-01-05,582.4,586.92,557.48,558.18,0.404
2022-01-06,555.0,563.06,548.45,555.16,0.338
2022-01-07,552.14,553.54,530.14,530.86,0.433
2022-01-10,527.37,536.1,516.08,535.41,0.403
2022-01-11,535.15,539.02,521.6,538.57,0.444
2022-01-12,539.97,547.37,535.05,538.44,0.307
2022-01-13,539.82,544.61,524.38,525.8,0.312
2022-01-14,520.24,533.22,517.6,528.0,0.322
2022-01-18,516.1,522.03,514.0,516.72,0.338
2022-01-19,517.69,529.8,512.56,513.11,0.308
2022-01-20,516.02,520.57,500.25,501.42,0.32
2022-01-21,502.81,511.97,493.25,494.18,0.489
2022-01-24,482.57,491.57,463.76,490.56,0.854
2022-01-25,479.92,483.85,462.32,474.0,0.538
2022-01-26,484.51,487.1,466.27,475.7,0.592
2022-01-27,483.0,487.92,469.66,473.23,0.624
2022-01-28,474.64,493.66,466.07,492.57,0.569
2022-01-31,493.94,510.29,493.94,509.12,0.365
2022-02-01,509.3,511.41,500.08,509.48,0.33
2022-02-02,512.82,520.32,507.58,517.01,0.483
2022-02-03,509.29,514.72,506.63,508.3,0.488
2022-02-04,503.62,510.4,495.91,503.09,0.395
2022-02-07,505.54,509.11,496.84,498.34,0.3
2022-02-08,495.67,499.98,488.47,491.7,0.615
2022-02-09,497.69,507.48,494.02,506.02,0.679
2022-02-10,489.61,489.61,461.33,466.63,0.773
2022-02-11,465.6,467.66,436.25,441.74,1.276
2022-02-14,442.3,451.46,423.54,426.42,0.659
2022-02-15,433.67,440.49,432.64,434.94,0.616
2022-02-16,432.0,434.21,425.75,430.97,0.539
2022-02-17,426.68,431.81,420.62,423.5,0.609
2022-02-18,423.81,427.36,418.42,420.31,0.536
2022-02-22,416.0,422.71,406.65,409.76,0.55
2022-02-23,413.0,418.16,398.46,399.29,0.569
2022-02-24,386.95,415.81,385.34,415.33,0.509
2022-02-25,415.1,423.87,410.65,418.07,0.441
2022-02-28,414.25,417.67,406.14,413.34,0.541
2022-03-01,413.0,414.0,402.25,405.58,0.462
2022-03-02,409.19,418.34,407.12,415.27,0.409
2022-03-03,417.94,418.52,404.69,407.29,0.242
2022-03-04,402.46,404.5,391.88,394.24,0.532
2022-03-07,394.0,396.54,380.91,381.65,0.505
2022-03-08,381.67,396.84,381.08,383.92,0.408
2022-03-09,395.95,402.91,391.45,399.11,0.346
2022-03-10,388.29,392.36,383.12,388.79,0.25
2022-03-11,390.92,394.0,385.38,386.07,0.41
2022-03-14,390.66,392.47,375.63,380.09,0.33
2022-03-15,382.45,388.48,380.87,387.08,0.341
2022-03-16,391.75,401.95,389.46,401.65,0.321
2022-03-17,401.04,419.95,399.72,419.35,0.538
2022-03-18,419.35,439.71,416.22,437.18,0.931
2022-03-21,437.62,439.45,425.33,429.54,0.491
2022-03-22,429.83,436.94,424.92,433.68,0.456
2022-03-23,428.73,430.98,419.29,419.91,0.326
2022-03-24,424.31,427.85,415.73,427.37,0.311
2022-03-25,427.58,428.13,421.35,425.66,0.294
2022-03-28,425.66,426.94,417.72,422.28,0.32
2022-03-29,429.34,440.64,428.66,438.1,0.292
2022-03-30,434.0,437.93,428.5,429.61,0.316
2022-03-31,428.91,432.21,412.94,413.7,0.576
2022-04-01,414.63,417.17,403.7,413.73,0.505
2022-04-04,433.5,437.3,424.78,431.24,0.492
2022-04-05,431.96,431.96,422.42,423.72,0.457
2022-04-06,417.53,425.13,413.22,422.9,0.442
2022-04-07,418.08,427.02,416.9,418.4,0.464
2022-04-08,416.26,419.14,406.7,415.63,0.388
2022-04-11,410.78,413.7,405.8,408.7,0.249
2022-04-12,410.88,418.67,400.75,402.21,0.276
2022-04-13,401.2,408.3,400.53,405.0,0.466
2022-04-14,407.0,407.0,393.6,393.68,0.268
2022-04-18,391.0,397.35,390.27,394.28,0.262
2022-04-19,393.57,407.45,393.05,406.62,0.216
2022-04-20,409.07,409.9,397.5,398.42,0.358
2022-04-21,402.73,406.49,388.74,390.04,0.269
2022-04-22,389.55,391.76,377.29,377.98,0.307
2022-04-25,375.82,390.16,374.11,388.94,0.448
2022-04-26,386.82,390.44,374.5,374.5,0.341
2022-04-27,373.99,381.27,370.14,371.11,0.338
2022-04-28,375.59,384.94,370.63,382.98,0.357
2022-04-29,380.24,385.33,368.35,369.66,0.6
2022-05-02,371.66,383.06,367.15,379.57,0.525
2022-05-03,376.44,378.89,360.0,368.14,0.622
2022-05-04,364.17,370.91,354.43,367.87,0.772
2022-05-05,363.87,366.42,344.05,347.75,0.553
2022-05-06,343.31,349.49,333.37,342.59,0.554
2022-05-09,335.0,341.72,327.45,328.54,0.602
2022-05-10,336.99,341.66,317.72,325.84,0.719
2022-05-11,324.53,335.11,314.26,314.5,0.752
2022-05-12,311.99,323.45,309.0,316.72,1.077
2022-05-13,322.01,337.75,322.01,336.86,0.63
2022-05-16,333.07,336.3,327.15,329.33,0.395
2022-05-17,339.55,347.15,335.3,344.58,0.456
2022-05-18,338.83,342.47,325.33,326.42,0.67
2022-05-19,324.17,330.69,322.15,324.1,0.599
2022-05-20,330.02,331.17,314.91,325.37,0.564
2022-05-23,330.16,338.92,322.87,334.73,0.53
2022-05-24,330.3,332.15,318.74,322.88,0.353
2022-05-25,319.87,326.61,318.68,322.72,0.38
2022-05-26,324.2,333.71,322.74,332.47,0.363
2022-05-27,336.0,343.53,335.9,343.53,0.628
2022-05-31,343.78,344.12,334.08,338.19,0.718
2022-06-01,339.61,344.01,331.73,334.55,0.334
2022-06-02,334.38,347.91,332.18,347.07,0.588
2022-06-03,342.07,342.07,332.79,334.77,0.359
2022-06-06,341.48,342.41,332.89,335.43,0.391
2022-06-07,330.62,338.23,326.01,335.51,0.457
2022-06-08,334.48,334.48,328.36,330.74,0.6
2022-06-09,329.4,330.24,315.57,315.66,0.552
2022-06-10,310.0,311.17,304.1,305.35,0.506
2022-06-13,295.65,299.97,290.45,293.08,0.492
2022-06-14,295.12,302.5,292.85,300.74,0.572
2022-06-15,304.45,312.71,301.0,308.36,0.437
2022-06-16,301.16,304.27,290.03,292.12,0.458
2022-06-17,296.73,297.46,287.93,288.46,0.868
2022-06-21,293.51,299.95,292.49,295.85,0.489
2022-06-22,293.58,299.46,290.77,297.82,0.434
2022-06-23,298.23,299.15,291.86,297.41,0.308
2022-06-24,301.1,310.36,300.79,308.91,1.009
2022-06-27,311.31,311.76,305.55,309.83,0.336
2022-06-28,309.87,312.99,301.42,302.21,0.271
2022-06-29,304.83,304.83,295.28,298.33,0.26
2022-06-30,295.17,297.65,289.83,293.95,0.54
2022-07-01,292.23,300.06,290.65,299.34,0.474
2022-07-05,294.77,302.56,293.04,302.33,0.331
2022-07-06,304.95,306.37,290.39,294.53,0.575
2022-07-07,295.35,306.17,295.35,305.14,0.316
2022-07-08,303.07,303.7,297.76,299.52,0.269
2022-07-11,293.99,296.35,291.06,291.7,0.335
2022-07-12,294.06,298.96,290.48,292.41,0.493
2022-07-13,286.19,294.93,283.72,292.49,0.298
2022-07-14,289.01,292.02,284.06,290.8,0.271
2022-07-15,293.54,298.52,291.01,297.72,0.292
2022-07-18,299.58,302.45,293.77,295.84,0.28
2022-07-19,301.09,312.55,301.09,311.91,0.303
2022-07-20,312.01,325.64,311.81,325.42,0.415
2022-07-21,324.7,332.19,323.84,332.15,0.371
2022-07-22,330.95,334.59,322.92,326.68,0.222
2022-07-25,325.5,328.79,320.96,325.37,0.356
2022-07-26,323.96,327.18,321.2,326.97,0.3
2022-07-27,328.61,340.0,327.23,338.49,0.339
2022-07-28,338.49,347.16,336.7,344.5,0.319
2022-07-29,343.32,358.39,340.26,357.69,0.461
2022-08-01,352.42,365.97,350.69,358.43,0.646
2022-08-02,351.76,356.62,322.93,323.32,0.983
2022-08-03,322.22,332.03,316.05,326.41,0.532
2022-08-04,325.76,330.89,323.53,330.58,0.37
2022-08-05,324.52,337.29,324.52,331.7,0.298
2022-08-08,332.49,338.84,329.25,330.32,0.359
2022-08-09,326.34,326.34,318.5,320.15,0.376
2022-08-10,330.2,332.13,325.21,328.87,0.242
2022-08-11,333.6,343.53,331.85,336.0,0.28
2022-08-12,338.53,346.79,336.19,346.74,0.24
2022-08-15,345.82,350.34,343.8,349.41,0.252
2022-08-16,345.59,347.89,340.64,344.91,0.186
2022-08-17,340.1,341.58,336.72,340.45,0.333
2022-08-18,340.46,346.02,339.2,342.38,0.201
2022-08-19,337.68,339.32,327.61,328.41,0.218
2022-08-22,322.33,322.33,314.58,315.88,0.242
2022-08-23,315.0,319.3,314.46,316.99,0.182
2022-08-24,317.77,321.52,316.64,319.34,0.211
2022-08-25,322.0,330.42,321.85,330.14,0.179
2022-08-26,331.08,331.65,308.09,308.16,0.284
2022-08-29,304.9,311.36,302.48,307.9,0.235
2022-08-30,310.1,311.66,301.46,302.86,0.312
2022-08-31,304.56,305.15,298.24,301.64,0.6
2022-09-01,296.58,309.97,294.41,309.74,0.548
2022-09-02,316.6,316.6,296.1,297.6,0.48
2022-09-06,296.39,296.39,286.58,289.93,0.368
2022-09-07,290.82,296.6,288.16,295.58,0.596
2022-09-08,292.06,298.91,291.4,298.3,0.253
2022-09-09,301.24,308.44,301.24,307.84,0.286
2022-09-12,310.88,314.79,309.31,311.85,0.349
2022-09-13,301.4,301.4,291.36,293.5,0.424
2022-09-14,293.1,300.15,290.25,295.97,0.406
2022-09-15,294.09,301.43,292.39,296.2,0.38
2022-09-16,294.53,294.73,285.96,288.52,0.531
2022-09-19,285.01,291.5,284.45,291.21,0.356
2022-09-20,288.99,288.99,281.66,285.65,0.27
2022-09-21,288.85,295.14,284.77,285.08,0.414
2022-09-22,282.61,283.85,272.79,272.94,0.405
2022-09-23,270.38,272.63,262.84,268.04,0.395
2022-09-26,268.55,274.23,265.05,265.86,0.363
2022-09-27,271.21,272.23,263.25,264.95,0.42
2022-09-28,267.41,272.94,265.54,271.35,0.288
2022-09-29,266.41,268.17,262.41,265.52,0.354
2022-09-30,264.84,271.96,261.63,262.01,0.378
2022-10-03,264.94,274.09,261.69,272.09,0.326
2022-10-04,277.75,281.65,277.41,281.65,0.342
2022-10-05,276.83,284.2,276.19,281.88,0.369
2022-10-06,281.61,285.28,278.33,280.35,0.34
2022-10-07,273.82,275.69,266.05,266.68,0.345
2022-10-10,268.0,268.26,255.58,258.6,0.29
2022-10-11,255.44,257.08,248.17,250.01,0.45
2022-10-12,250.09,263.28,248.91,261.03,0.469
2022-10-13,253.32,277.99,252.45,268.27,0.579
2022-10-14,265.17,267.71,254.56,255.61,0.414
2022-10-17,262.53,264.84,259.28,261.64,0.338
2022-10-18,269.51,271.96,260.47,263.89,0.352
2022-10-19,261.34,264.87,257.39,260.46,0.23
2022-10-20,261.08,265.93,253.55,256.23,0.312
2022-10-21,255.92,263.91,252.39,263.04,0.349
2022-10-24,264.3,267.64,259.01,265.72,0.368
2022-10-25,267.61,274.72,266.57,274.58,0.261
2022-10-26,273.43,278.66,271.17,273.18,0.248
2022-10-27,276.98,281.89,274.89,275.29,0.422
2022-10-28,275.03,288.61,271.72,288.0,0.568
2022-10-31,283.43,287.97,278.84,283.22,0.662
2022-11-01,264.4,264.4,237.28,238.3,1.778
2022-11-02,236.07,242.8,231.38,236.03,1.04
2022-11-03,231.84,236.66,227.15,227.32,0.619
2022-11-04,231.83,232.63,224.87,230.56,0.452
2022-11-07,232.52,236.56,227.62,236.36,0.322
2022-11-08,238.86,241.2,231.21,234.65,0.355
2022-11-09,232.03,232.03,225.76,226.88,0.398
2022-11-10,238.92,253.72,237.88,253.42,0.718
2022-11-11,254.09,265.98,252.84,263.38,0.572
2022-11-14,261.71,262.13,251.07,251.47,0.502
2022-11-15,257.54,266.04,257.06,261.59,0.704
2022-11-16,259.76,259.76,254.19,258.43,0.466
2022-11-17,251.79,257.62,250.22,255.11,0.342
2022-11-18,259.39,260.91,250.32,256.1,0.504
2022-11-21,253.95,258.22,253.13,257.0,0.403
2022-11-22,257.4,261.83,255.25,261.05,0.442
2022-11-23,262.74,274.85,261.99,270.66,0.465
2022-11-25,270.5,272.3,269.62,271.9,0.202
2022-11-28,268.38,270.06,266.52,269.0,0.493
2022-11-29,269.79,273.0,261.54,266.82,0.535
2022-11-30,266.62,273.9,257.74,270.28,1.734
2022-12-01,268.76,274.29,262.87,268.82,0.522
2022-12-02,264.67,276.14,264.61,274.86,0.44
2022-12-05,272.88,273.1,261.57,261.8,0.474
2022-12-06,261.01,261.08,251.35,254.21,0.375
2022-12-07,252.42,255.04,250.73,252.54,0.303
2022-12-08,252.31,259.55,252.0,252.82,0.473
2022-12-09,251.19,256.67,250.53,251.45,0.552
2022-12-12,253.84,259.94,250.12,258.1,0.478
2022-12-13,270.6,274.7,257.02,263.27,0.609
2022-12-14,261.95,267.27,257.7,261.5,0.393
2022-12-15,256.15,257.72,249.65,251.04,0.41
2022-12-16,249.25,251.09,244.72,248.92,0.769
2022-12-19,249.0,251.55,242.88,243.71,0.325
2022-12-20,242.55,250.65,241.43,247.15,0.378
2022-12-21,248.61,253.8,248.31,250.84,0.435
2022-12-22,245.78,247.64,241.01,247.51,0.342
2022-12-23,246.86,249.14,244.76,248.22,0.181
2022-12-27,249.35,253.87,247.16,251.0,0.252
2022-12-28,250.48,253.85,246.13,246.84,0.241
2022-12-29,249.55,258.05,249.0,257.53,0.275
2022-12-30,254.2,256.54,251.52,256.41,0.228
2023-01-03,260.87,262.69,255.71,260.2,0.295
2023-01-04,263.62,265.81,258.23,262.99,0.312
2023-01-05,260.68,260.94,254.69,260.06,0.368
2023-01-06,265.11,277.86,263.21,273.42,0.553
2023-01-09,276.0,283.53,273.52,279.29,0.535
2023-01-10,277.82,286.95,277.01,286.93,0.354
2023-01-11,289.0,300.21,286.56,299.79,0.6
2023-01-12,301.84,301.84,290.87,293.0,0.736
2023-01-13,290.02,293.99,286.99,293.7,0.687
2023-01-17,293.54,294.15,288.68,293.58,0.33
2023-01-18,295.8,299.75,295.8,296.54,0.418
2023-01-19,292.02,295.8,285.78,287.72,0.261
2023-01-20,288.23,297.22,288.23,297.03,0.308
2023-01-23,298.49,320.12,297.94,317.76,0.813
2023-01-24,315.0,317.24,309.75,310.08,0.371
2023-01-25,305.0,312.58,302.45,310.57,0.293
2023-01-26,314.04,315.0,306.14,311.27,0.222
2023-01-27,310.18,317.52,308.15,317.1,0.297
2023-01-30,313.14,315.3,308.75,309.03,0.241
2023-01-31,309.32,316.38,306.5,316.18,0.265
2023-02-01,316.18,329.62,315.75,328.63,0.442
2023-02-02,335.96,351.74,335.81,344.7,0.787
2023-02-03,335.41,338.22,329.18,330.81,0.498
2023-02-06,326.69,330.54,323.81,324.7,0.406
2023-02-07,322.73,331.98,321.34,331.15,0.406
2023-02-08,328.28,329.67,324.51,325.54,0.278
2023-02-09,322.16,329.71,315.67,316.56,0.478
2023-02-10,312.64,317.69,310.3,313.46,0.342
2023-02-13,313.15,319.01,309.85,318.95,0.288
2023-02-14,315.89,322.79,312.74,318.76,0.193
2023-02-15,316.9,327.43,316.9,327.02,0.306
2023-02-16,330.0,340.84,327.62,333.44,0.556
2023-02-17,329.12,329.6,310.55,322.58,0.497
2023-02-21,317.96,317.96,306.29,307.0,0.375
2023-02-22,308.26,308.53,302.28,304.87,0.309
2023-02-23,307.54,307.82,295.42,301.0,0.445
2023-02-24,295.0,296.69,288.88,291.92,0.415
2023-02-27,296.35,297.71,293.44,296.23,0.548
2023-02-28,296.75,300.67,295.18,300.25,0.513
2023-03-01,299.83,305.57,298.93,302.34,0.409
2023-03-02,299.8,306.58,297.62,306.06,0.254
2023-03-03,307.62,311.53,306.07,309.45,0.23
2023-03-06,310.27,313.79,304.02,305.81,0.155
2023-03-07,305.42,306.11,301.86,302.16,0.183
2023-03-08,303.27,307.37,301.5,307.07,0.186
2023-03-09,307.47,309.57,296.37,296.91,0.351
2023-03-10,296.23,297.71,286.56,288.19,0.258
2023-03-13,284.11,291.38,278.53,284.92,0.266
2023-03-14,292.49,293.49,286.9,292.46,0.211
2023-03-15,284.99,287.94,282.46,287.74,0.273
2023-03-16,286.92,296.4,284.83,294.93,0.333
2023-03-17,294.05,294.3,287.15,288.71,0.462
2023-03-20,289.87,291.64,285.49,290.84,0.232
2023-03-21,294.89,296.05,291.02,294.43,0.16
2023-03-22,292.33,298.78,287.86,288.11,0.363
2023-03-23,290.06,295.92,285.87,288.75,0.245
2023-03-24,286.58,289.29,283.07,288.73,0.322
2023-03-27,290.87,292.86,285.93,288.86,0.232
2023-03-28,287.76,291.53,286.52,290.15,0.177
2023-03-29,293.81,297.0,291.48,296.12,0.215
2023-03-30,301.91,309.3,300.94,309.11,0.303
2023-03-31,310.0,318.85,310.0,318.0,0.373
2023-04-03,315.13,316.23,307.4,311.65,0.2
2023-04-04,312.12,312.12,303.44,308.71,0.347
2023-04-05,308.48,308.48,299.06,300.15,0.185
2023-04-06,297.28,303.13,294.8,300.26,0.184
2023-04-10,297.32,302.15,296.72,301.96,0.143
2023-04-11,304.2,306.7,301.98,304.03,0.139
2023-04-12,306.23,307.08,300.5,301.41,0.13
2023-04-13,302.83,306.36,300.59,306.17,0.16
2023-04-14,303.92,307.33,299.77,303.08,0.158
2023-04-17,302.91,304.35,299.35,300.46,0.164
2023-04-18,303.02,304.5,299.07,300.63,0.149
2023-04-19,297.9,297.9,291.88,292.76,0.251
2023-04-20,289.17,293.48,288.03,290.52,0.221
2023-04-21,289.92,289.94,285.0,287.9,0.303
2023-04-24,288.34,290.33,286.38,288.19,0.244
2023-04-25,290.34,293.48,283.96,284.1,0.298
2023-04-26,284.9,286.28,279.59,280.42,0.215
2023-04-27,283.51,285.04,278.21,284.12,0.234
2023-04-28,284.24,289.97,282.62,288.03,0.428
2023-05-01,287.17,290.34,286.49,287.45,0.408
2023-05-02,251.44,269.01,245.75,255.44,1.327
2023-05-03,255.45,265.36,254.9,258.5,0.71
2023-05-04,256.2,265.71,255.0,265.0,0.552
2023-05-05,269.1,275.34,263.86,273.8,0.486
2023-05-08,274.0,278.14,271.77,277.86,0.384
2023-05-09,275.0,278.16,268.97,270.16,0.433
2023-05-10,272.21,274.85,267.65,271.77,0.257
2023-05-11,269.34,270.27,264.17,265.28,0.349
2023-05-12,267.14,268.84,262.31,266.16,0.222
2023-05-15,265.88,272.87,264.66,270.7,0.236
2023-05-16,268.43,271.36,265.03,266.38,0.184
2023-05-17,268.82,273.38,266.54,271.67,0.227
2023-05-18,271.01,280.62,269.63,279.33,0.361
2023-05-19,281.3,283.86,278.03,280.8,0.419
2023-05-22,279.71,282.49,276.84,280.13,0.257
2023-05-23,277.63,278.64,270.95,271.22,0.36
2023-05-24,269.85,271.04,260.53,261.39,0.468
2023-05-25,264.25,264.25,257.19,259.69,0.357
2023-05-26,260.67,265.99,260.67,264.72,0.244
2023-05-30,268.02,271.82,265.3,267.78,0.271
2023-05-31,265.0,267.52,261.36,262.57,0.654
2023-06-01,263.88,267.05,260.9,266.2,0.326
2023-06-02,269.33,279.61,269.33,278.01,0.374
2023-06-05,276.35,276.44,267.53,269.11,0.491
2023-06-06,269.11,273.65,266.5,270.1,0.455
2023-06-07,273.15,280.31,272.35,277.56,0.266
2023-06-08,276.97,278.43,272.38,278.03,0.366
2023-06-09,278.34,280.58,274.32,274.66,0.361
2023-06-12,275.61,280.55,274.91,279.99,0.344
2023-06-13,283.52,286.44,280.61,283.39,0.367
2023-06-14,283.84,285.87,279.08,280.38,0.287
2023-06-15,277.47,285.52,277.47,284.55,0.272
2023-06-16,286.96,288.76,281.75,282.4,0.637
2023-06-20,281.56,281.56,273.89,277.55,0.389
2023-06-21,274.52,274.61,270.8,270.88,0.314
2023-06-22,270.5,270.5,264.86,267.91,0.353
2023-06-23,265.35,265.93,261.91,264.33,0.657
2023-06-26,266.3,275.7,265.12,273.11,0.286
2023-06-27,273.85,284.43,270.67,282.81,0.357
2023-06-28,281.4,286.1,280.22,283.49,0.301
2023-06-29,283.05,289.33,281.8,288.68,0.31
2023-06-30,290.85,297.45,290.7,295.83,0.342
2023-07-03,293.89,296.99,292.86,296.27,0.184
2023-07-05,293.57,296.25,290.23,292.85,0.369
2023-07-06,287.4,291.87,283.54,291.14,0.292
2023-07-07,291.49,300.5,290.14,295.22,0.251
2023-07-10,294.57,307.26,294.57,306.16,0.403
2023-07-11,308.69,313.22,307.18,309.16,0.308
2023-07-12,314.2,318.85,311.22,315.93,0.348
2023-07-13,317.97,320.55,317.22,318.47,0.217
2023-07-14,316.82,317.05,307.87,309.28,0.298
2023-07-17,306.8,311.01,305.66,309.51,0.295
2023-07-18,308.1,313.73,308.05,313.17,0.395
2023-07-19,313.29,319.04,312.89,318.37,0.259
2023-07-20,316.57,316.57,303.17,304.54,0.311
2023-07-21,308.02,310.45,305.37,306.46,0.215
2023-07-24,305.82,308.71,301.81,302.59,0.304
2023-07-25,302.72,307.07,300.79,301.43,0.32
2023-07-26,299.19,306.68,298.96,306.12,0.289
2023-07-27,308.0,308.98,297.45,299.43,0.494
2023-07-28,303.43,304.83,296.43,299.18,0.534
2023-07-31,299.36,308.04,299.35,307.96,0.546
2023-08-01,245.02,262.5,244.67,254.77,2.622
2023-08-02,250.1,251.24,236.97,241.15,1.317
2023-08-03,238.09,252.28,231.98,249.55,1.17
2023-08-04,249.0,254.8,246.6,251.41,0.57
2023-08-07,251.06,251.92,245.35,248.23,0.428
2023-08-08,248.82,254.32,248.14,253.68,0.521
2023-08-09,253.42,260.88,250.75,257.89,0.5
2023-08-10,258.5,260.0,252.83,255.42,0.414
2023-08-11,254.08,263.0,254.08,261.94,0.493
2023-08-14,263.45,264.09,258.62,263.86,0.295
2023-08-15,261.18,268.92,261.12,267.98,0.501
2023-08-16,265.65,268.24,263.89,265.94,0.374
2023-08-17,267.67,269.61,263.14,266.03,0.343
2023-08-18,261.82,274.03,260.81,271.98,0.699
2023-08-21,270.47,273.0,266.5,267.53,0.374
2023-08-22,269.82,272.47,266.76,269.36,0.34
2023-08-23,269.98,271.22,267.1,270.09,0.315
2023-08-24,270.38,272.7,265.92,265.92,0.246
2023-08-25,267.9,269.47,264.45,268.39,0.337
2023-08-28,270.39,271.31,268.18,269.92,0.211
2023-08-29,268.34,274.72,268.01,273.49,0.281
2023-08-30,272.4,279.83,268.97,279.11,0.391
2023-08-31,279.88,279.88,274.77,275.01,0.373
2023-09-01,276.96,278.76,275.0,275.95,0.312
2023-09-05,275.74,276.98,271.7,273.25,0.417
2023-09-06,273.25,275.02,270.19,272.38,0.327
2023-09-07,268.61,268.81,256.82,264.24,0.498
2023-09-08,262.97,263.13,254.94,256.37,0.435
2023-09-11,257.79,258.13,254.15,254.77,0.358
2023-09-12,254.28,254.58,250.76,251.31,0.388
2023-09-13,251.4,253.02,248.86,250.18,0.408
2023-09-14,251.29,255.1,250.18,254.79,0.444
2023-09-15,255.11,256.18,249.38,251.38,0.535
2023-09-18,250.53,253.52,249.01,253.2,0.22
2023-09-19,252.94,253.72,250.62,252.17,0.245
2023-09-20,245.09,245.49,235.63,235.83,0.825
2023-09-21,232.93,234.33,228.52,228.68,0.676
2023-09-22,228.64,229.79,224.57,227.15,0.482
2023-09-25,225.75,230.76,225.75,228.15,0.314
2023-09-26,225.97,226.65,222.58,223.96,0.355
2023-09-27,224.16,226.98,222.58,225.91,0.365
2023-09-28,226.3,239.01,226.3,236.87,0.612
2023-09-29,238.69,241.66,235.97,236.53,0.39
2023-10-02,236.53,236.7,232.24,233.63,0.246
2023-10-03,230.97,232.89,228.16,230.33,0.313
2023-10-04,232.05,232.05,227.79,230.94,0.488
2023-10-05,227.38,228.48,219.42,222.54,0.448
2023-10-06,220.85,225.02,219.33,223.85,0.384
2023-10-09,221.17,223.46,220.18,222.58,0.267
2023-10-10,222.98,227.54,221.76,222.4,0.362
2023-10-11,222.04,223.27,215.32,217.16,0.823
2023-10-12,218.33,218.33,208.01,210.87,0.597
2023-10-13,210.59,210.59,205.19,206.92,0.461
2023-10-16,207.32,216.0,206.84,214.97,0.425
2023-10-17,212.29,216.57,212.29,212.99,0.356
2023-10-18,211.08,211.13,207.75,209.12,0.346
2023-10-19,209.4,213.74,205.1,205.99,0.518
2023-10-20,204.84,205.15,201.01,204.55,0.86
2023-10-23,203.81,208.73,202.7,205.29,0.483
2023-10-24,206.49,207.5,203.11,205.91,0.348
2023-10-25,203.83,205.23,196.13,198.91,0.578
2023-10-26,200.0,207.38,198.86,204.83,0.736
2023-10-27,204.6,207.56,201.16,207.18,0.565
2023-10-30,207.5,211.21,204.47,209.77,0.97
2023-10-31,213.9,215.0,203.09,209.43,0.914
2023-11-01,209.57,212.5,194.59,197.99,0.823
2023-11-02,200.46,207.23,198.19,207.0,0.758
2023-11-03,210.87,217.14,210.87,214.3,0.541
2023-11-06,213.86,213.86,205.21,206.02,0.374
2023-11-07,204.5,208.26,202.6,208.04,0.613
2023-11-08,208.0,210.37,204.04,206.44,0.526
2023-11-09,207.59,208.15,201.43,202.52,0.487
2023-11-10,202.92,207.21,202.46,206.18,0.602
2023-11-13,204.4,205.38,202.01,202.61,0.411
2023-11-14,209.0,216.5,208.5,215.66,0.543
2023-11-15,215.65,224.21,215.65,216.96,0.502
2023-11-16,216.22,217.49,212.4,215.48,0.276
2023-11-17,218.46,218.7,215.27,218.02,0.341
2023-11-20,218.84,221.78,216.6,220.54,0.331
2023-11-21,218.49,223.04,217.38,222.41,0.36
2023-11-22,223.4,227.0,221.59,225.86,0.55
2023-11-24,225.83,229.65,225.83,228.92,0.195
2023-11-27,227.65,233.62,227.65,231.5,0.529
2023-11-28,230.72,234.42,229.65,233.89,0.425
2023-11-29,236.13,240.06,235.65,236.62,0.373
2023-11-30,237.72,238.26,235.35,236.98,0.492
2023-12-01,235.4,241.9,232.78,241.22,0.42
2023-12-04,239.43,243.0,236.77,239.37,0.303
2023-12-05,238.39,238.39,232.57,234.36,0.243
2023-12-06,237.67,238.72,233.84,234.13,0.222
2023-12-07,235.17,236.97,232.99,233.23,0.319
2023-12-08,232.29,237.8,232.29,236.13,0.23
2023-12-11,235.94,239.76,235.94,239.65,0.363
2023-12-12,240.0,241.43,238.22,239.38,0.238
2023-12-13,238.64,245.31,235.79,244.43,0.304
2023-12-14,248.56,274.44,247.11,272.16,1.166
2023-12-15,269.17,280.33,268.07,270.18,1.025
2023-12-18,271.05,271.05,264.4,266.68,0.485
2023-12-19,268.61,271.79,265.68,269.42,0.467
2023-12-20,269.61,270.98,261.35,261.61,0.333
2023-12-21,264.76,266.15,261.67,265.31,0.282
2023-12-22,266.77,269.83,265.89,269.41,0.226
2023-12-26,270.0,276.08,269.29,275.5,0.22
2023-12-27,276.5,276.65,273.27,275.79,0.276
2023-12-28,274.11,276.39,272.78,275.35,0.194
2023-12-29,274.73,276.31,272.77,273.33,0.251
2024-01-02,268.56,270.74,265.39,267.98,0.453
2024-01-03,264.12,265.55,252.38,252.52,0.405
2024-01-04,251.1,255.41,250.53,252.97,0.358
2024-01-05,252.21,257.16,252.15,252.69,0.294
2024-01-08,252.11,262.28,251.36,261.09,0.4
2024-01-09,255.82,259.66,255.0,256.44,0.327
2024-01-10,256.0,256.93,252.5,255.27,0.277
2024-01-11,254.01,256.87,248.43,255.03,0.381
2024-01-12,256.77,259.17,243.56,248.87,0.626
2024-01-16,246.53,247.04,240.22,243.52,0.498
2024-01-17,240.0,240.34,236.19,239.17,0.463
2024-01-18,240.4,250.12,237.75,249.59,0.482
2024-01-19,250.44,251.32,245.14,249.09,0.398
2024-01-22,251.85,258.22,250.37,254.57,0.358
2024-01-23,255.85,257.44,252.62,256.09,0.212
2024-01-24,259.14,259.14,251.67,254.17,0.522
2024-01-25,257.98,260.75,255.47,256.99,0.334
2024-01-26,256.98,258.42,251.62,252.17,0.268
2024-01-29,250.72,256.04,249.71,255.93,0.493
2024-01-30,255.98,255.98,250.56,250.91,0.302
2024-01-31,250.0,250.0,238.48,239.55,0.483
2024-02-01,239.55,242.87,233.95,242.6,0.474
2024-02-02,240.21,247.94,237.06,246.48,0.419
2024-02-05,242.92,244.1,239.04,242.07,0.336
2024-02-06,241.15,243.5,241.15,242.49,0.497
2024-02-07,243.67,247.62,240.38,247.11,0.523
2024-02-08,247.22,249.75,245.68,247.12,0.319
2024-02-09,248.36,253.77,248.36,253.09,0.329
2024-02-12,253.09,260.0,253.09,259.4,0.396
2024-02-13,251.78,253.11,243.49,245.8,0.692
2024-02-14,249.47,255.36,248.27,252.96,0.567
2024-02-15,276.57,294.99,273.28,283.75,1.185
2024-02-16,282.41,283.0,271.71,275.46,0.658
2024-02-20,269.86,272.39,267.38,271.93,0.524
2024-02-21,269.73,276.23,268.65,274.43,0.375
2024-02-22,278.27,283.9,277.04,279.48,0.302
2024-02-23,278.21,279.83,274.99,274.99,0.269
2024-02-26,273.89,279.41,272.4,278.06,0.337
2024-02-27,279.56,281.04,274.48,275.78,0.195
2024-02-28,272.29,274.22,270.83,272.8,0.213
2024-02-29,276.05,282.0,275.76,279.48,0.401
2024-03-01,279.68,289.94,278.75,289.64,0.413
2024-03-04,290.65,293.57,286.01,291.65,0.442
2024-03-05,289.76,289.76,282.17,284.54,0.307
2024-03-06,289.25,289.58,283.52,287.27,0.182
2024-03-07,289.42,290.69,285.32,288.59,0.247
2024-03-08,290.47,290.99,282.43,282.59,0.329
2024-03-11,282.3,283.54,279.19,280.23,0.269
2024-03-12,281.11,286.9,278.45,285.44,0.316
2024-03-13,284.07,286.16,282.33,284.5,0.286
2024-03-14,282.08,285.32,279.05,281.77,0.375
2024-03-15,277.5,286.36,277.5,285.86,0.539
2024-03-18,288.53,288.6,283.68,285.97,0.329
2024-03-19,283.98,287.52,283.5,285.19,0.306
2024-03-20,284.93,287.07,278.84,285.81,0.358
2024-03-21,289.02,296.44,287.88,295.06,0.227
2024-03-22,293.87,293.87,290.25,290.51,0.053
